1750 274.61804555242185
1751 274.6316071992049
1752 274.65835404950064
1753 274.68445237060723
1754 274.7100698970175
1755 274.73531558432785
1756 274.7602720002846
1757 274.78504502251246
1758 274.8096885051057
1759 274.8342152451085
1760 274.85867724264057
1761 274.8831192241535
1762 274.90763603825235
1763 274.93225692991064
1764 274.95695728860085
1765 274.981775120756
1766 275.00674174594434
1767 275.0319560450901
1768 275.05743180922315
1769 275.08311317557525
1770 275.109028220316
1771 275.1352012603168
1772 275.16173112399446
1773 275.18862642849746
1774 275.21582266774146
1775 275.24334238356806
1776 275.2712028072822
1777 275.29950273767514
1778 275.3282461166982
1779 275.3573592652535
1780 275.3868645205915
1781 275.4167793789977
1782 275.44722083125595
1783 275.4781876053332
1784 275.50958395334914
1785 275.5414355301877
1786 275.57376036347034
1787 275.60670215704715
1788 275.6402534382467
1789 275.6742844041979
1790 275.70882022231143
1791 275.7438815527765
1792 275.77961486581074
1793 275.816053829451
1794 275.8530696698835
1795 275.8906434524976
1796 275.9287952076595
1797 275.96761029709245
1798 276.0071613955293
1799 276.0474419141453
1800 276.08846950568835
1801 276.1302958409675
1802 276.17283398570464
1803 276.216489712569
1804 276.2609522309194
1805 276.30593314695074
1806 276.35173735954737
1807 276.3982882967294
1808 276.4457943215959
1809 276.494009216185
1810 276.5428287135205
1811 276.5925754278619
1812 276.64336732019615
1813 276.6951446196771
1814 276.74780342623137
1815 276.80134190795894
1816 276.85585219916186
1817 276.91156292387774
1818 276.96849852776137
1819 277.0263991752563
1820 277.08519740228303
1821 277.14496532260216
1822 277.2057630892229
1823 277.26768530194363
1824 277.33088513965225
1825 277.39533631605286
1826 277.46101015631564
1827 277.527859978103
1828 277.5960265635258
1829 277.66551824865843
1830 277.7360471374806
1831 277.8089479649316
1832 277.8838381553174
1833 277.9593898767769
1834 278.0361749833039
1835 278.11432247579006
1836 278.19385304551804
1837 278.27551709928554
1838 278.3591178889154
1839 278.44403014153784
1840 278.53055431869063
1841 278.6189679481148
1842 278.70926519342345
1843 278.80141124987193
1844 278.89538017539843
1845 278.99128459887163
1846 279.0897941876929
1847 279.19040663534065
1848 279.2930155532834
1849 279.39750648170843
1850 279.5036129633605
1851 279.6120331704685
1852 279.71884602533936
1853 279.8343141253245
1854 279.9588619741404
1855 280.08114270186485
1856 280.20173684729224
1857 280.3217738314707
1858 280.44321365274635
1859 280.56490660687376
1860 280.68830077003474
1861 280.81464637936284
1862 280.94437203438554
1863 281.0623539613421
1864 281.1686617859515
1865 281.27857703940555
1866 281.39100648890985
1867 281.5045758762512
1868 281.61899848420217
1869 281.73372137602
1870 281.8487279304462
1871 281.9642067409165
1872 282.0849036242216
1873 282.2306595471561
1874 282.3962738937785
1875 282.5587280882542
1876 282.72019917240067
1877 282.8842598176619
1878 283.048962966083
1879 283.21409447379216
1880 283.38175153120534
1881 283.55691382791235
1882 283.7438043869663
1883 283.92678607542064
1884 284.1026820109983
1885 284.2816867216044
1886 284.4604359811059
1887 284.63906162015263
1888 284.818704154059
1889 285.0040530438982
1890 285.19169595495504
1891 285.3806157664362
1892 285.57349503873587
1893 285.7688797804152
1894 285.9634287583922
1895 286.16017803886666
1896 286.36531962671665
1897 286.57476449678154
1898 286.78736901049814
1899 287.00518538400524
1900 287.2319958371818
1901 287.4676295544855
1902 287.7204769543922
1903 287.9870792394152
1904 288.26547543463585
1905 288.55896154561344
1906 288.8641473471947
1907 289.18669264353093
1908 289.5313066874317
1909 289.88024423780786
1910 290.2227845990764
1911 290.57336850718093
1912 290.9154281629676
1913 291.2427198243106
1914 291.5748683965409
1915 291.8913449268624
1916 292.1821165685271
1917 292.48277650500603
1918 292.8017440744347
1919 293.12108530115506
1920 293.4130374618328
1921 293.7097585645516
1922 294.01799862215
1923 294.3184945811919
1924 294.6517820634175
1925 295.00741127600577
1926 295.3609964856336
1927 295.70957535464856
1928 296.0810162280176
1929 296.47560253628626
1930 296.88445053730806
1931 297.30433243213355
1932 297.69300324283705
1933 298.0190345752787
1934 298.31952965053466
1935 298.64815550144374
1936 298.99946964894383
1937 299.3787292209148
1938 299.7846898728141
1939 300.17833629071765
1940 300.5663459947341
1941 300.9829080466616
1942 301.4108198727506
1943 301.836264312063
1944 302.2676688025897
1945 302.6983108725008
1946 303.0774226826697
1947 303.4568988242307
1948 303.91787966821715
1949 304.4266712767618
1950 304.9364640517839
1951 305.4709404124646
1952 306.10439558823407
1953 306.7973438281435
1954 307.4861227753169
1955 308.1864297555644
1956 308.9379348640597
1957 309.75876077141174
1958 310.6208847261522
1959 311.5077141368623
1960 312.412167034712
1961 313.33191875970783
1962 314.2706193397002
1963 315.22680121612075
1964 316.21813953033967
1965 317.25176182848304
1966 318.32664807876114
1967 319.444363524696
1968 320.6012919445018
1969 321.79658673374297
1970 323.0418343566765
1971 324.35435887561187
1972 325.69529808680613
1973 327.0387933836445
1974 328.4326382119996
1975 329.8368151448606
1976 331.1979576906174
1977 332.5983519406004
1978 334.07796183161093
1979 335.6032051233703
1980 337.1518943582766
1981 338.67203955783987
1982 340.12826182670744
1983 341.5380585534253
1984 342.9679014265396
1985 344.4610927822905
1986 345.9914382458463
1987 347.55039096603537
1988 349.14707606497063
1989 350.79163818326145
1990 352.4713297576547
1991 354.1209184812502
1992 355.76965791786665
1993 357.44401795537374
1994 359.08203855256846
1995 360.6909497572368
1996 362.3194164202088
1997 363.98993582349226
1998 365.84037393956334
1999 367.687011480718
2000 369.3330052791888
2001 370.9748582222077
2002 372.6089328467193
2003 374.2589610618603
2004 375.9921512237797
2005 377.8577482263894
2006 379.8674590332157
2007 381.9680897085653
2008 384.1421016496426
2009 386.2643059256241
2010 388.2935562489616
2011 390.4133217136832
2012 392.69500971857286
2013 395.05016519984105
2014 397.4580409724004
2015 399.9308877053496
2016 402.3916135592596
2017 404.852886407564
2018 407.4046445509474
2019 410.0413890153301
2020 412.7598084506287
2021 415.55790524514526
2022 418.4490846538986
2023 421.4452400699613
2024 424.5426661629927
2025 427.7389977072508
2026 431.0327175787271
2027 434.4228598203051
2028 437.9088285062193
2029 441.4902851382853
2030 445.1670772584328
2031 448.9391922074671
2032 452.8182023523045
2033 456.8145493104748
2034 460.92645246117377
2035 465.15285723619365
2036 469.4932034621395
2037 473.9472732495473
2038 478.5150914615499
2039 483.196859817583
2040 487.99291266220064
2041 492.9036868056535
2042 497.9361424825189
2043 503.0967925320013
2044 508.3853947462626
2045 513.8020022811626
2046 519.3468849390817
2047 525.0204738497483
2048 530.8233230643023
2049 536.7560826034022
2050 542.8194792726017
2051 549.0143027709246
2052 555.3569885956072
2053 561.8627793867535
2054 568.5304544405556
2055 575.3593975057931
2056 582.3494412132225
2057 589.5007530573951
2058 596.813753443337
2059 604.2890563068562
2060 611.9274256916423
2061 619.7297436699854
2062 627.6933970201114
2063 635.8160829706011
2064 644.099321805776
2065 652.544574902174
2066 661.153263693209
2067 669.9267835012316
2068 678.8665131738196
2069 687.9738217343936
2070 697.2500728805753
2071 706.6966279220485
2072 716.2918970796048
2073 726.0153952651482
2074 735.8704238313824
2075 745.8598040495589
2076 755.9859820269621
2077 766.2511125521105
2078 776.6571230906018
2079 787.205762720052
2080 797.8986396117045
2081 808.7372497792771
2082 819.6468728834097
2083 830.5553243738066
2084 841.4685480797928
2085 852.3914417697645
2086 863.3280515140261
2087 874.2817376863816
2088 885.2553066572755
2089 896.2511153675669
2090 907.2711545303608
2091 918.3171149864947
2092 929.356950928238
2093 940.3593248481887
2094 951.3269759780574
2095 962.2622124002382
2096 973.1669784450564
2097 984.0429137431206
2098 994.8914015035346
2099 1005.713608227398
2100 1016.5105165347792
2101 1027.2829524066722
2102 1038.0062980900068
2103 1048.656290752225
2104 1059.23428962916
2105 1069.7414523697994
2106 1080.178754153235
2107 1090.5470104366789
2108 1100.8468975480005
2109 1111.0789706929345
2110 1121.2436795322556
2111 1121.2436795322556
2112 1121.2436795322556
