1750 -0.0782581922008743
1751 -0.0788215255464558
1752 -0.0799109853684987
1753 -0.080857168460357
1754 -0.0816125689557621
1755 -0.0820291047802274
1756 -0.0822395855361738
1757 -0.0822018214307636
1758 -0.0819709082279261
1759 -0.0818470182955971
1760 -0.081868728428647
1761 -0.0817930016988287
1762 -0.0816649932335288
1763 -0.0815344322668325
1764 -0.0811677250925209
1765 -0.0807524713691573
1766 -0.0803057619559133
1767 -0.0797730559376827
1768 -0.079217606391277
1769 -0.0787577916542938
1770 -0.0783992262117909
1771 -0.0780109954380377
1772 -0.0775567787484226
1773 -0.0770918316809932
1774 -0.0766882787461583
1775 -0.0761943079631768
1776 -0.0757326649184985
1777 -0.0752110700869311
1778 -0.0745451593254569
1779 -0.0740464319608108
1780 -0.0737368842509581
1781 -0.0733558185271106
1782 -0.0730010087082336
1783 -0.0727630766510889
1784 -0.0723571730472734
1785 -0.0719677883835304
1786 -0.0716273549536776
1787 -0.071200320947923
1788 -0.0707123012373872
1789 -0.0702875048515413
1790 -0.0699384238593905
1791 -0.069583621882755
1792 -0.0692107835141865
1793 -0.0688782371390275
1794 -0.0686130023656775
1795 -0.0682323010714643
1796 -0.0679172176178539
1797 -0.0675265788562108
1798 -0.0669177654384815
1799 -0.0664331798673054
1800 -0.0661216163899917
1801 -0.0657066811978488
1802 -0.065296905315776
1803 -0.0649671196832121
1804 -0.0643872767530094
1805 -0.063765042220636
1806 -0.0631450003139762
1807 -0.0624166722594798
1808 -0.0615970764312075
1809 -0.0608238972654205
1810 -0.0601401777961473
1811 -0.0593975467564554
1812 -0.0586380620345186
1813 -0.0579373104221274
1814 -0.0572935299467151
1815 -0.056550471406492
1816 -0.0558582040788869
1817 -0.0551281508971832
1818 -0.0542013182851055
1819 -0.0533663816594833
1820 -0.0527267707083777
1821 -0.052019014640048
1822 -0.0513582914640468
1823 -0.0508146469324297
1824 -0.0500226884017993
1825 -0.0492053346270965
1826 -0.048456036711623
1827 -0.0476247904453266
1828 -0.0467363239782195
1829 -0.0459250557787183
1830 -0.0452628581874962
1831 -0.0446241076863481
1832 -0.0439587144363826
1833 -0.0433645519816243
1834 -0.0428587861130207
1835 -0.0422635438145314
1836 -0.0417522259864385
1837 -0.0412481187867833
1838 -0.0405899368380294
1839 -0.0400406306433856
1840 -0.0397204110653621
1841 -0.0392914059757172
1842 -0.0388564077260101
1843 -0.0385249712286411
1844 -0.0378440122993521
1845 -0.0369973512036301
1846 -0.0360659800889444
1847 -0.0349567425990019
1848 -0.0338398859325997
1849 -0.032836716214981
1850 -0.0319665515304814
1851 -0.0311334203039007
1852 -0.0302960513048856
1853 -0.0294132863472824
1854 -0.0284949056787564
1855 -0.0274230911522258
1856 -0.0263648455080551
1857 -0.0251806736068681
1858 -0.0237090034867054
1859 -0.0223298488301961
1860 -0.0211913064686497
1861 -0.0199488263361741
1862 -0.0185664423996846
1863 -0.0171946273498253
1864 -0.0156010937411141
1865 -0.0138968313375316
1866 -0.0121679334373527
1867 -0.010368348574624
1868 -0.0084974080682459
1869 -0.006727192507385
1870 -0.0050881149505065
1871 -0.0035356142911526
1872 -0.0023051000581413
1873 -0.0012983790754171
1874 -9.015260660982792e-05
1875 0.0012635038795107
1876 0.0024733260667323
1877 0.0037613398710956
1878 0.0053050747152528
1879 0.0067306679383485
1880 0.0076601825338465
1881 0.0085738877490751
1882 0.009576750268181
1883 0.0103999041782948
1884 0.0114755241374548
1885 0.0128521226720944
1886 0.0144498297631623
1887 0.0161761953777297
1888 0.0175787178322401
1889 0.0189141791795186
1890 0.0201789178333753
1891 0.0211717304687884
1892 0.0222346075047297
1893 0.0236441895680868
1894 0.0252653635894566
1895 0.0267485997040914
1896 0.0278216079730365
1897 0.0287591563331575
1898 0.0297017993658135
1899 0.030083250636048
1900 0.0299886198126493
1901 0.0300657475085257
1902 0.0304774778383353
1903 0.0306422340841709
1904 0.0309785215609165
1905 0.0317014383007878
1906 0.0323735790579727
1907 0.0325517514520452
1908 0.0335395514850823
1909 0.0354275855657049
1910 0.0369654537055269
1911 0.0387522121456325
1912 0.0404638665099286
1913 0.0413601764731845
1914 0.0434263104502416
1915 0.0469870054158472
1916 0.0494437441577324
1917 0.0507899346305729
1918 0.0526732705011616
1919 0.0575954428756747
1920 0.0631536788025542
1921 0.0695270316056101
1922 0.0767430962205681
1923 0.0807493306559222
1924 0.0829977991875051
1925 0.0854045753096988
1926 0.0876146575871846
1927 0.0890565168466465
1928 0.0904238397788251
1929 0.0915087741959401
1930 0.0939920112748044
1931 0.100125199543306
1932 0.1095400875247503
1933 0.1186009469873736
1934 0.1244187064461635
1935 0.1275582996660053
1936 0.1289642998830478
1937 0.1288955295519687
1938 0.1300740759649027
1939 0.1324483943241237
1940 0.1327206106142791
1941 0.1316745525124094
1942 0.1309982291282889
1943 0.1312477677606808
1944 0.1331372267780512
1945 0.1388420037816387
1946 0.1470277934281972
1947 0.1522509225370011
1948 0.154642793890449
1949 0.1578064486199928
1950 0.160056453328911
1951 0.1602108543243596
1952 0.1606422011947637
1953 0.1625492307844183
1954 0.1662546809599383
1955 0.1694922872375328
1956 0.171197085855804
1957 0.1731522311089167
1958 0.1765190306185851
1959 0.1803971114508793
1960 0.183820884834172
1961 0.1825072864064648
1962 0.178615458398434
1963 0.1773922316560746
1964 0.1772854695665772
1965 0.1779930250330293
1966 0.1800467803491698
1967 0.1850270085347468
1968 0.1916788212570818
1969 0.1985162550186649
1970 0.2052028609978097
1971 0.2135769007320914
1972 0.2244388941707251
1973 0.2342659018059272
1974 0.245202801466989
1975 0.2602991046647499
1976 0.2757809074390223
1977 0.2908256091876313
1978 0.3080991130169569
1979 0.3264174595216904
1980 0.3447125387134163
1981 0.3651220649463054
1982 0.3886757172423959
1983 0.4129983885941058
1984 0.4362443116726517
1985 0.4587942648517776
1986 0.4815110956812707
1987 0.5038429116012065
1988 0.5260423377424609
1989 0.5483236891846734
1990 0.5707399535864781
1991 0.5944598840656204
1992 0.6190687651125317
1993 0.6440561511076943
1994 0.6699665352203467
1995 0.6967494233130092
1996 0.7230030140203388
1997 0.7478152417991608
1998 0.7723375713173072
1999 0.7983639771564266
2000 0.8236639555216938
2001 0.8465681861010644
2002 0.8682774892367531
2003 0.8876308903088098
2004 0.9052075311750084
2005 0.9219447440285762
2006 0.9378481485365184
2007 0.9566140501178586
2008 0.979062354259139
2009 1.0042665635522376
2010 1.032284506417661
2011 1.0596909636111378
2012 1.085513742626541
2013 1.1113966436244265
2014 1.1372662946152394
2015 1.169302880016447
2016 1.2055865159512758
2017 1.239315045861875
2018 1.2709745163987514
2019 1.300989859804737
2020 1.3296925022351689
2021 1.3581996947950072
2022 1.3869773608149092
2023 1.4152281499622374
2024 1.4423009068745585
2025 1.4677742640935132
2026 1.491109284427134
2027 1.5121278871204042
2028 1.5311331980714762
2029 1.548377335185239
2030 1.5640546544326257
2031 1.5778252697140882
2032 1.5894976846864757
2033 1.5994041047281184
2034 1.60780751564154
2035 1.6148940202566824
2036 1.6198546559635911
2037 1.622208907940431
2038 1.622497912972679
2039 1.6211448221518965
2040 1.6184694666587425
2041 1.6146433849309667
2042 1.6098326570124666
2043 1.604250598045
2044 1.5980497906079674
2045 1.5913302284411894
2046 1.5843195496595768
2047 1.5771781117062749
2048 1.5698846908908586
2049 1.562419382790619
2050 1.5547617976153827
2051 1.5471995528834708
2052 1.539997014095494
2053 1.533152531678024
2054 1.5266647838103204
2055 1.5205201062000469
2056 1.5147207968162495
2057 1.5092629237303958
2058 1.504120451647773
2059 1.4992674685642542
2060 1.4946775258124818
2061 1.4903741895440423
2062 1.4863634491979734
2063 1.4826014223547124
2064 1.4790529374801258
2065 1.4756860533433367
2066 1.4724715306018576
2067 1.4693828604396346
2068 1.466396091919404
2069 1.463489899928874
2070 1.460646451244097
2071 1.4577956628037034
2072 1.4548954691900795
2073 1.4519748641232968
2074 1.4490577428259257
2075 1.4461574565299842
2076 1.4432804057942423
2077 1.44043013439595
2078 1.437607682727894
2079 1.4348118617073948
2080 1.4320402190444708
2081 1.4292876403462549
2082 1.4265550362970134
2083 1.423852448830321
2084 1.4211891491907358
2085 1.4185716949807337
2086 1.4160065162393676
2087 1.413496359725971
2088 1.4110372854982507
2089 1.408622450233
2090 1.4062449678871027
2091 1.4038967434860803
2092 1.4015664487313466
2093 1.399241841569158
2094 1.3969122285713682
2095 1.3945699974574444
2096 1.3922123766610317
2097 1.389839497266331
2098 1.3874525547681429
2099 1.3850522420781946
2100 1.3826377968332162
2101 1.3801937584225266
2102 1.3777235427066463
2103 1.3752580418317903
2104 1.3728217046547524
2105 1.3704304492715964
2106 1.3680940513975983
2107 1.365817940116839
2108 1.3636045164250987
2109 1.361454109977574
2110 1.3593656674330206
2111 1.3593656674330206
2112 1.3593656674330206
