1750 280.64052223730334
1751 280.65274635617914
1752 280.67738318175634
1753 280.70204340683654
1754 280.7263138672903
1755 280.75015579927407
1756 280.7736284892194
1757 280.79684602132915
1758 280.8198781305719
1759 280.84275496032086
1760 280.8655419945701
1761 280.88829404783365
1762 280.9111119505948
1763 280.9340290294525
1764 280.9570257429716
1765 280.98014254091345
1766 281.0034114742475
1767 281.0269301925278
1768 281.05071092565544
1769 281.07469981044704
1770 281.0989258671775
1771 281.12341094591204
1772 281.14824808317513
1773 281.17344134970705
1774 281.1989263692792
1775 281.22472653235405
1776 281.250858223983
1777 281.2774144823293
1778 281.3043950676718
1779 281.33172797528346
1780 281.35943536051025
1781 281.3875324747213
1782 281.41613130166576
1783 281.4452265546751
1784 281.4747234766822
1785 281.5046467980732
1786 281.53501238237703
1787 281.56595931158915
1788 281.5974770883972
1789 281.6294405610438
1790 281.66187744391834
1791 281.6948055833077
1792 281.72836388298174
1793 281.7625797313626
1794 281.7973264473212
1795 281.8325900472577
1796 281.8683921923395
1797 281.9048133839136
1798 281.9419207315961
1799 281.97970730829945
1800 282.0181909619028
1801 282.0574214152018
1802 282.0973128656088
1803 282.1382588688659
1804 282.1799490737628
1805 282.2221074188916
1806 282.2650350033816
1807 282.30865323100073
1808 282.35316506870305
1809 282.3983296483664
1810 282.4440524037118
1811 282.4906472507301
1812 282.5382201323188
1813 282.5867078729037
1814 282.6360099326919
1815 282.6861301028949
1816 282.73716087687814
1817 282.7893203576328
1818 282.8426258712123
1819 282.89682579568847
1820 282.9518605107047
1821 283.00780124545173
1822 283.0647046071318
1823 283.1226597227774
1824 283.18181123204147
1825 283.2421284999773
1826 283.30358462376165
1827 283.3661371778046
1828 283.42992344027726
1829 283.4949512704244
1830 283.5609442741212
1831 283.6292006885532
1832 283.69932076242367
1833 283.77001807249763
1834 283.8418715426573
1835 283.9150004022532
1836 283.98942377625946
1837 284.06586741424496
1838 284.14412609610633
1839 284.2235987702164
1840 284.3045903512843
1841 284.38736378043103
1842 284.4719067496934
1843 284.55818479641016
1844 284.6461696629425
1845 284.7359656620797
1846 284.828220851227
1847 284.9224387431134
1848 285.0185254578581
1849 285.1163768859525
1850 285.2157398332266
1851 285.31729338463015
1852 285.41721464400246
1853 285.52552716306326
1854 285.64244991678
1855 285.7569623715015
1856 285.8698553507978
1857 285.9822174028319
1858 286.0959112319673
1859 286.20978329508245
1860 286.3252673015242
1861 286.443561412879
1862 286.56506316607704
1863 286.6750871507461
1864 286.77398641503675
1865 286.8766054266498
1866 286.98159343467523
1867 287.0876407271403
1868 287.19452649660667
1869 287.3017401803258
1870 287.40927919703097
1871 287.5173163965608
1872 287.6304430030964
1873 287.767816079192
1874 287.9239972833362
1875 288.0767177804651
1876 288.22852481781933
1877 288.3828266753084
1878 288.5376088865452
1879 288.69267484097577
1880 288.8500732393966
1881 289.0146187702454
1882 289.19033233102806
1883 289.36195111296485
1884 289.5266865149941
1885 289.6945205916704
1886 289.8619914162529
1887 290.0292823878057
1888 290.19752269624524
1889 290.3712758095175
1890 290.5471604433899
1891 290.7242546693367
1892 290.9051916303602
1893 291.0884947296305
1894 291.2709258422905
1895 291.4555093336117
1896 291.6482217404799
1897 291.8449604955915
1898 292.0446802554956
1899 292.24941526429734
1900 292.4628147621699
1901 292.68464706549497
1902 292.9230611182865
1903 293.17451510754773
1904 293.43713977407555
1905 293.71418034689907
1906 294.0022774037076
1907 294.306979921615
1908 294.6327680487581
1909 294.962278104041
1910 295.28536730011274
1911 295.61629098923
1912 295.9386517702321
1913 296.24662056233814
1914 296.5594651173822
1915 296.85688517983345
1916 297.1294588802369
1917 297.41209163621323
1918 297.71242049099453
1919 298.0128382968415
1920 298.2866274990168
1921 298.56562110051567
1922 298.85580703512505
1923 299.1381673123659
1924 299.4525995474549
1925 299.78834335806863
1926 300.1217587044745
1927 300.45039057680106
1928 300.8014730794703
1929 301.1747480426927
1930 301.56149381269057
1931 301.9587328185736
1932 302.3252519713925
1933 302.6309934645091
1934 302.9127040469061
1935 303.22215594176805
1936 303.55313417737455
1937 303.9109507274518
1938 304.29449591278245
1939 304.6657709891658
1940 305.03193706465566
1941 305.4262893174084
1942 305.8313983517086
1943 306.2340051834032
1944 306.64260883823505
1945 307.05044577493754
1946 307.4078983340243
1947 307.7663774902757
1948 308.20424722768104
1949 308.68719012941904
1950 309.1700986513216
1951 309.6771751218538
1952 310.2807240522149
1953 310.9406898818444
1954 311.59536976242566
1955 312.2613261813318
1956 312.9771229854134
1957 313.75974335563274
1958 314.5815213099449
1959 315.4267250011593
1960 316.28866392833424
1961 317.1651741735107
1962 318.06008374678225
1963 318.97216209203214
1964 319.9187624066027
1965 320.90647884525305
1966 321.93403873923256
1967 323.00291734815687
1968 324.1095394410421
1969 325.253083365116
1970 326.4448883694124
1971 327.7018067469578
1972 328.98551968734614
1973 330.2713821842353
1974 331.6069513336423
1975 332.95210635243296
1976 334.2546320906239
1977 335.5962400325771
1978 337.01523887772294
1979 338.4778303701238
1980 339.9626033778533
1981 341.41896117811484
1982 342.81286536239634
1983 344.1620654374332
1984 345.5316197318606
1985 346.9627209745765
1986 348.4287705738889
1987 349.9219383346029
1988 351.45170105659014
1989 353.0282396016687
1990 354.6388099439821
1991 356.2192049844126
1992 357.7997332287306
1993 359.4062165194332
1994 360.9760345771381
1995 362.5169925243508
1996 364.0775562988805
1997 365.678709295703
1998 367.4561514622925
1999 369.2276499686896
2000 370.8009640594565
2001 372.3719160999145
2002 373.9342132542942
2003 375.5116193160116
2004 377.1713840885891
2005 378.9615630263862
2006 380.8925416510116
2007 382.9115966916537
2008 385.0022668721216
2009 387.0407455715512
2010 388.9875783483675
2011 391.0251506375008
2012 393.221777109866
2013 395.4882355126689
2014 397.80490501007097
2015 400.18454527171207
2016 402.5504631106999
2017 404.8522522798783
2018 407.1226607754624
2019 409.366289354294
2020 411.58613803373726
2021 413.7843157626024
2022 415.8246527194868
2023 417.5865381118909
2024 419.0964029037125
2025 420.370590339929
2026 421.4197762644169
2027 422.2513934394085
2028 422.87097112559377
2029 423.2828840458443
2030 423.49077604422246
2031 423.4978063936903
2032 423.4015000483988
2033 423.2887191945354
2034 423.1448156310862
2035 422.9610233114423
2036 422.7320188067533
2037 422.4545107769243
2038 422.126421457096
2039 421.7464083315053
2040 421.3135814627632
2041 420.8273348950487
2042 420.3133608882714
2043 419.79471573437456
2044 419.2666136693555
2045 418.7258577510705
2046 418.1702378340258
2047 417.5981647745988
2048 417.0084474359536
2049 416.4001560197861
2050 415.7725374537968
2051 415.12496226015327
2052 414.4729311079768
2053 413.8303534594544
2054 413.1940420971705
2055 412.5617477340111
2056 411.93182087305365
2057 411.3030011620398
2058 410.6742857386097
2059 410.0448464361058
2060 409.41397726258674
2061 408.7810607902903
2062 408.1492059041517
2063 407.52120056767455
2064 406.895963413364
2065 406.2726466390259
2066 405.6505594345108
2067 405.0291192688458
2068 404.4078207059953
2069 403.7862152514074
2070 403.1638981599135
2071 402.540499660754
2072 401.91778718199146
2073 401.2973385315772
2074 400.6784992178615
2075 400.0607466424468
2076 399.4436479600121
2077 398.826833065766
2078 398.2099771734921
2079 397.5927894715956
2080 396.975005634819
2081 396.3563827959513
2082 395.74118948321393
2083 395.1332506381802
2084 394.5315978655274
2085 393.93551390730886
2086 393.3444463221743
2087 392.7579524385322
2088 392.1756641497829
2089 391.5972653088185
2090 391.0224771244936
2091 390.4510486472288
2092 389.88437215755454
2093 389.323689727656
2094 388.7685214899013
2095 388.2184867522986
2096 387.6732716221129
2097 387.1326082618344
2098 386.5962615302861
2099 386.0640203219621
2100 385.535691909294
2101 385.0110982059217
2102 384.4909340972613
2103 383.9758156492528
2104 383.4654460163199
2105 382.95958253777377
2106 382.4580196252726
2107 381.9605777693805
2108 381.467096431619
2109 380.977429408996
2110 380.4914417742033
2111 380.4914417742033
2112 380.4914417742033
