1750 -0.0477486952835292
1751 -0.0477784830845662
1752 -0.0477624729394855
1753 -0.0477510914149739
1754 -0.048084684765064
1755 -0.0482900756418625
1756 -0.0481167162336111
1757 -0.0480688405664323
1758 -0.0480443309350512
1759 -0.0479816102757176
1760 -0.0482305933955024
1761 -0.0484020951151353
1762 -0.0482736707400174
1763 -0.0480363778313066
1764 -0.0472419389244803
1765 -0.0466668495846362
1766 -0.0463488222856922
1767 -0.0457743469144286
1768 -0.0456894051138935
1769 -0.0457699326722031
1770 -0.0456123995563599
1771 -0.0451109677015801
1772 -0.0442006397188685
1773 -0.0433519568101985
1774 -0.0431848811578475
1775 -0.0431254784914846
1776 -0.0426823674770023
1777 -0.0422816959494508
1778 -0.0420991832401033
1779 -0.0419188412594122
1780 -0.041942040419242
1781 -0.0419388584723218
1782 -0.0416830542119286
1783 -0.0413810862563876
1784 -0.0406451511705477
1785 -0.0401361685427946
1786 -0.0398501365455579
1787 -0.039501061107243
1788 -0.0396872403044624
1789 -0.0399348657858799
1790 -0.0399177788434994
1791 -0.0395614102459475
1792 -0.038817537928213
1793 -0.0381356679968306
1794 -0.0381003511840335
1795 -0.0381598082972277
1796 -0.0378338801723632
1797 -0.0375198030388802
1798 -0.0373452789042933
1799 -0.0372460696010837
1800 -0.0373005921924463
1801 -0.0372004508732373
1802 -0.0369434368826459
1803 -0.0365733386715255
1804 -0.0357724018719168
1805 -0.0352137411391558
1806 -0.034836425106189
1807 -0.0343684331480108
1808 -0.0343188168271519
1809 -0.03433335411259
1810 -0.0341364785928296
1811 -0.0336247256321428
1812 -0.0326909078372661
1813 -0.0318201360355592
1814 -0.0316042351373122
1815 -0.0314813920214031
1816 -0.03107815119219
1817 -0.0306350718889844
1818 -0.0302957633807781
1819 -0.0300120736789872
1820 -0.0298868780009544
1821 -0.0297286431120043
1822 -0.0294042854871559
1823 -0.0289086180595934
1824 -0.0280302087748978
1825 -0.0273966034424793
1826 -0.0269063428511737
1827 -0.0263409513689656
1828 -0.0262874037815777
1829 -0.0263610358846046
1830 -0.0262824804774288
1831 -0.0258937516068014
1832 -0.0250980922848471
1833 -0.0244394503609421
1834 -0.0243951299836547
1835 -0.0243824602719039
1836 -0.0242155610500758
1837 -0.0241367563516778
1838 -0.0241325302602878
1839 -0.0241810048884646
1840 -0.024272346461945
1841 -0.0243629670975979
1842 -0.024346939480696
1843 -0.0239828907370792
1844 -0.0231068672359224
1845 -0.0224484137497725
1846 -0.0218488909279221
1847 -0.0212028132391311
1848 -0.0210871311220256
1849 -0.021047684718507
1850 -0.0208928965930296
1851 -0.0203939193840323
1852 -0.0193820188496397
1853 -0.0183994306807676
1854 -0.0180394065975413
1855 -0.0176508488769049
1856 -0.0169165810038053
1857 -0.0162543658523952
1858 -0.015614713224449
1859 -0.0150057055043334
1860 -0.0144922604875417
1861 -0.0137742893546083
1862 -0.0128002308490019
1863 -0.0115641331594715
1864 -0.0099861563486518
1865 -0.0087838415711969
1866 -0.0076824250104278
1867 -0.0065303162488041
1868 -0.005833381779047
1869 -0.0050558103154013
1870 -0.0042176328405208
1871 -0.0032205061670222
1872 -0.0018454162333718
1873 -0.0008960298207053
1874 -0.0004224466203553
1875 0.0004453231743303
1876 0.0014263606976728
1877 0.0022545177248878
1878 0.0031942793005687
1879 0.0038494427776419
1880 0.0041823412171012
1881 0.0047112084367851
1882 0.0054738211220975
1883 0.0065103191270081
1884 0.0077230143553348
1885 0.0087602039628417
1886 0.0099528635004794
1887 0.0111713965683377
1888 0.0116953003486073
1889 0.0121931405667989
1890 0.0127734844511273
1891 0.0135028940054202
1892 0.0148340466714319
1893 0.0163205460025972
1894 0.0173034185402701
1895 0.0180674817202816
1896 0.0190302891998353
1897 0.0197869414662649
1898 0.0203483675782084
1899 0.020309026829716
1900 0.0198347340273795
1901 0.0198586743513936
1902 0.0204254866809929
1903 0.02106843392564
1904 0.0215353553548625
1905 0.021851483428748
1906 0.0222732681287757
1907 0.022107608531158
1908 0.0222416869963086
1909 0.0233419415617226
1910 0.0241404350844001
1911 0.0254089234028102
1912 0.0273195925464106
1913 0.0284971407119018
1914 0.0299384062717432
1915 0.0326424588776362
1916 0.0349791063774545
1917 0.036315342714379
1918 0.0377721062675294
1919 0.0415629539475215
1920 0.0459062708560673
1921 0.0513185828844842
1922 0.0579612627473967
1923 0.0615030945089139
1924 0.063470196646933
1925 0.0659547018147381
1926 0.0683255501115991
1927 0.0698871898855529
1928 0.0711157947623192
1929 0.0718948787328245
1930 0.0731530068342447
1931 0.0778227330444272
1932 0.0855518828064496
1933 0.0927990509137928
1934 0.0971368964952561
1935 0.0991788685426653
1936 0.0997174030195829
1937 0.099162766792569
1938 0.1003446160164734
1939 0.1022871787415445
1940 0.1024798758524674
1941 0.1020645094108247
1942 0.1015776423112191
1943 0.10173460537724
1944 0.1034111875222438
1945 0.1083031695023205
1946 0.1154886853184613
1947 0.1205088387938133
1948 0.1230057285660876
1949 0.1254697872310549
1950 0.1263141780955217
1951 0.1263418518385773
1952 0.1273693049178904
1953 0.1287072174807599
1954 0.1311534921763683
1955 0.133486065881056
1956 0.1340970996799654
1957 0.1337086530526781
1958 0.1352369056092856
1959 0.1384462652814402
1960 0.1414111258972054
1961 0.1400036678475151
1962 0.1366498417911013
1963 0.134953836567596
1964 0.1349474571089058
1965 0.1370746238531914
1966 0.1402412272843352
1967 0.1451125251701625
1968 0.1513483357312993
1969 0.1588864827557048
1970 0.1662542909014648
1971 0.1741834142102999
1972 0.1825373628430191
1973 0.1905950573967158
1974 0.2009212077795848
1975 0.2147394123648048
1976 0.2282520505898457
1977 0.2407943529402219
1978 0.2549970251047153
1979 0.2697461883297194
1980 0.284617713428251
1981 0.3016684784025562
1982 0.3194775788821928
1983 0.3388200487616534
1984 0.3590865928146637
1985 0.3778201358112356
1986 0.3964805836844782
1987 0.4141682495308678
1988 0.4312751395247776
1989 0.4493980297979202
1990 0.467466894343839
1991 0.4817631444451652
1992 0.498839670678767
1993 0.5200051656176529
1994 0.5374446656004556
1995 0.5551889965446525
1996 0.5755430745967586
1997 0.5898358710703687
1998 0.5994579826911044
1999 0.6169238142865923
2000 0.6404938436833691
2001 0.6623664864961127
2002 0.6778656571228939
2003 0.6871241536490345
2004 0.6967107347655486
2005 0.7070075058328492
2006 0.715640517514892
2007 0.7265628772867997
2008 0.7424732914734532
2009 0.761727427625558
2010 0.7807077874523549
2011 0.798998091591732
2012 0.8155313237955447
2013 0.8323309167200592
2014 0.8494135290277595
2015 0.8711487003599805
2016 0.8974920851106024
2017 0.9218444871660948
2018 0.94463228611253
2019 0.9662149195958992
2020 0.9868625273845898
2021 1.0081744997353428
2022 1.0313683614107187
2023 1.056226786687558
2024 1.082109772598578
2025 1.1078816666474214
2026 1.132303336220766
2027 1.1548391097044166
2028 1.1753051459050925
2029 1.1938937713624114
2030 1.211274418420827
2031 1.2265637346424818
2032 1.239249425684077
2033 1.2500434114374914
2034 1.2593941361035037
2035 1.267660711828715
2036 1.275258604910354
2037 1.282438661127814
2038 1.2892037808587933
2039 1.2955354154741217
2040 1.301443574942663
2041 1.3067678716289244
2042 1.3113784882062751
2043 1.3152922117782584
2044 1.3185925056522547
2045 1.321376933673339
2046 1.323658443858163
2047 1.3253231583320857
2048 1.326362338340361
2049 1.326949293591285
2050 1.3270915198150608
2051 1.3270296595797957
2052 1.326545732452882
2053 1.325500048627691
2054 1.3241482861980562
2055 1.322479075415277
2056 1.320652694424467
2057 1.3187288896474416
2058 1.3166597682544017
2059 1.3143648252266136
2060 1.3117021988956403
2061 1.30840603044205
2062 1.3043692818811936
2063 1.2996958973753274
2064 1.2944375658613243
2065 1.2887598463205956
2066 1.282799737736617
2067 1.2765737687888312
2068 1.2701073154029483
2069 1.263343193454577
2070 1.2563448831179678
2071 1.2492881473639714
2072 1.242235703133549
2073 1.2351849594449722
2074 1.2281111644822569
2075 1.2209887425359534
2076 1.2137744690675438
2077 1.206450850450909
2078 1.199113693663373
2079 1.191777722862172
2080 1.18434149584023
2081 1.1770233509760322
2082 1.170091471341107
2083 1.1634715351912042
2084 1.1569875598291683
2085 1.1504966167898614
2086 1.1438993552765129
2087 1.1372471862345643
2088 1.1305993823426612
2089 1.1239112828666773
2090 1.1170716128371896
2091 1.1102355986122352
2092 1.1036538740987756
2093 1.0973963252116974
2094 1.09142370099083
2095 1.0856195461073916
2096 1.079624681335957
2097 1.073201895476778
2098 1.0664376746824564
2099 1.0594351252129277
2100 1.0525214319564755
2101 1.0456676889948653
2102 1.038672797761424
2103 1.031614873789224
2104 1.024548274236563
2105 1.0175105439697434
2106 1.010526911134513
2107 1.0036136473977728
2108 0.99678056475798
2109 0.9900328620751514
2110 0.9833724850645554
2111 0.9833724850645554
2112 0.9833724850645554
