1750 273.6229004802065
1751 273.63643226128465
1752 273.6631301811504
1753 273.6891937003129
1754 273.7147802052108
1755 273.73999405870404
1756 273.764915996634
1757 273.7896526553096
1758 273.81425820568035
1759 273.83874474581665
1760 273.86316471852115
1761 273.88756285317083
1762 273.9120335394146
1763 273.9366071869023
1764 273.9612606510032
1765 273.9860337805022
1766 274.01095842353635
1767 274.03613155063044
1768 274.061567002724
1769 274.0872080785986
1770 274.1130806704993
1771 274.13921020983315
1772 274.1656980798816
1773 274.1925555480389
1774 274.2197190991216
1775 274.2472077938541
1776 274.2750353209979
1777 274.30330205627257
1778 274.3320135543344
1779 274.3610939732162
1780 274.3905646090384
1781 274.42044319093736
1782 274.45084608154644
1783 274.4817732634678
1784 274.5131310060964
1785 274.54494707072104
1786 274.5772396734185
1787 274.6101498520573
1788 274.6436691546937
1789 274.67766469211404
1790 274.71215851057593
1791 274.7471736942089
1792 274.78286067523857
1793 274.81925708340134
1794 274.8562357980659
1795 274.89377322176324
1796 274.9318844367111
1797 274.9706574110429
1798 275.01016755879186
1799 275.0504054319018
1800 275.091386816898
1801 275.13316350359264
1802 275.1756490654679
1803 275.2192508759768
1804 275.2636605282306
1805 275.3085932228413
1806 275.35435350356454
1807 275.4008608990208
1808 275.4483228176682
1809 275.4964896192201
1810 275.5452533124489
1811 275.59493937292706
1812 275.6456707102196
1813 275.6973935013506
1814 275.7500069280482
1815 275.8035022216145
1816 275.8579639744871
1817 275.9136232039495
1818 275.97050791624
1819 276.02835576173413
1820 276.08709706836135
1821 276.1468039832764
1822 276.2075360563375
1823 276.26938979671445
1824 276.33252317977326
1825 276.3969146998353
1826 276.4625344177724
1827 276.5293310673656
1828 276.59744481495505
1829 276.6668774008847
1830 276.7373335727859
1831 276.8101501084435
1832 276.8849509911267
1833 276.9604181108589
1834 277.03712651941333
1835 277.11519454003974
1836 277.19463376582013
1837 277.27619657969683
1838 277.35968712798405
1839 277.4444755621833
1840 277.53085980174285
1841 277.6191191476902
1842 277.7092479235048
1843 277.80121146490995
1844 277.8949928453705
1845 277.9907170290084
1846 278.08905203768234
1847 278.18948830492
1848 278.2919180718923
1849 278.3962160483403
1850 278.5021057813509
1851 278.6102890653372
1852 278.7168581405468
1853 278.83208520616404
1854 278.9563972320788
1855 279.0784390260928
1856 279.1987811587909
1857 279.31856206145824
1858 279.4397453788895
1859 279.56117380978486
1860 279.68429235675774
1861 279.8103516308752
1862 279.9397825288344
1863 280.057483442838
1864 280.1635445000883
1865 280.27324458415256
1866 280.38547561576235
1867 280.49885140209483
1868 280.6130865104035
1869 280.727618538293
1870 280.8424235920477
1871 280.9576974692547
1872 281.07818771802783
1873 281.2237282891871
1874 281.38911104677584
1875 281.5513133185429
1876 281.71251981699226
1877 281.8763161012268
1878 282.0407515566244
1879 282.2056052329103
1880 282.3729654827867
1881 282.5477934797693
1882 282.73430286601933
1883 282.91687881581504
1884 283.09237189578675
1885 283.2709807460102
1886 283.4493327475521
1887 283.62755870742944
1888 283.8068026254661
1889 283.99172349234857
1890 284.17888725295273
1891 284.3672850846171
1892 284.55960631938456
1893 284.7544229377525
1894 284.94842424921217
1895 285.14462917983474
1896 285.3491901419335
1897 285.55802057044934
1898 285.7699830021455
1899 285.98710470710216
1900 286.2131284083809
1901 286.4478484012245
1902 286.6996468436389
1903 286.96509624748853
1904 287.24225509108
1905 287.5344020129886
1906 287.83812077597764
1907 288.15904801342543
1908 288.5018430582637
1909 288.84876217606046
1910 289.1891783848775
1911 289.53754330942354
1912 289.87730647173834
1913 290.20230940548913
1914 290.5321398254949
1915 290.8462710350684
1916 291.1348111128439
1917 291.4333438913579
1918 291.7501459232702
1919 292.06725876585733
1920 292.3571508714708
1921 292.65210140316924
1922 292.9588666308614
1923 293.25831584481153
1924 293.590800396509
1925 293.9455880816115
1926 294.2983257644636
1927 294.64613871829494
1928 295.01679621530053
1929 295.41047071759414
1930 295.8182409091568
1931 296.2369007506815
1932 296.6245345386633
1933 296.9501918252124
1934 297.2510345669409
1935 297.5803520605956
1936 297.9323508370916
1937 298.3120779194622
1938 298.7181526944847
1939 299.1116801536712
1940 299.49951940811104
1941 299.91572097427513
1942 300.34291566757696
1943 300.7672780694045
1944 301.19727518631464
1945 301.6263213133543
1946 302.0040446414034
1947 302.3826399726313
1948 302.8430432412208
1949 303.3511973155894
1950 303.8602201990354
1951 304.39370497730164
1952 305.0256174264945
1953 305.7164731580121
1954 306.40282111209194
1955 307.1004511507685
1956 307.8489680829547
1957 308.6661798706692
1958 309.5237957392688
1959 310.4053313082975
1960 311.3040265497367
1961 312.21763182690023
1962 313.1493511469809
1963 314.0971998619708
1964 315.07884092419795
1965 316.1016679268942
1966 317.1649519004625
1967 318.2704779880494
1968 319.4148309075314
1969 320.5974137539112
1970 321.8299452233868
1971 323.1296603500863
1972 324.4577850317744
1973 325.78871639546384
1974 327.17005915138185
1975 328.5620257656953
1976 329.9121950538316
1977 331.3029624603279
1978 332.77374644162893
1979 334.29105436383685
1980 335.83314341064465
1981 337.34846657565265
1982 338.8023067827648
1983 340.21258970303325
1984 341.64578808195654
1985 343.1452295098131
1986 344.68457981397194
1987 346.2550896757089
1988 347.86577694106893
1989 349.5265642356976
1990 351.2248017220595
1991 352.89557572069555
1992 354.56767272324856
1993 356.2675610361761
1994 357.93439911619726
1995 359.5753694096811
1996 361.2385940500677
1997 362.9470435299448
1998 364.8382727489712
1999 366.7276899465094
2000 368.4186451713729
2001 370.1088310321355
2002 371.7952833528244
2003 373.5006060079198
2004 375.2905853692664
2005 377.21401018899695
2006 379.2828090510805
2007 381.44363600709806
2008 383.678920072993
2009 385.8642705518472
2010 387.9591458966272
2011 390.1474410262419
2012 392.5014458922493
2013 394.9330876546925
2014 397.4213380568939
2015 399.9784393203983
2016 402.5281105302388
2017 405.0368901479232
2018 407.55214530906966
2019 410.0753300372111
2020 412.607462531981
2021 415.1492997207061
2022 417.5844415754467
2023 419.8075920664412
2024 421.8377067939452
2025 423.6873140805611
2026 425.3648144986959
2027 426.9000518135243
2028 428.3188107097317
2029 429.6201482694223
2030 430.80375121738905
2031 431.869708910408
2032 432.8256249369852
2033 433.6785594244742
2034 434.4279231139259
2035 435.0735508790602
2036 435.61556223416113
2037 436.0760794339436
2038 436.4753163788554
2039 436.8102873321792
2040 437.0790257669614
2041 437.28028152824027
2042 437.4216416394835
2043 437.5103192679863
2044 437.5449119279092
2045 437.5245304280084
2046 437.4486508142518
2047 437.320345451116
2048 437.1426113733492
2049 436.9150460769989
2050 436.6374549097416
2051 436.3097937649585
2052 435.9500173425845
2053 435.57477225694447
2054 435.1818228958617
2055 434.7695608283161
2056 434.33683752904864
2057 433.8859695363931
2058 433.4192802234087
2059 432.9359594395395
2060 432.4354237327318
2061 431.9172565676485
2062 431.3854651802883
2063 430.8438266880436
2064 430.2916334340556
2065 429.7283495732979
2066 429.1535672463218
2067 428.5669737404205
2068 427.9683271706334
2069 427.3574385110754
2070 426.7341583449352
2071 426.0983671706832
2072 425.4579555286876
2073 424.8202273055646
2074 424.1840429775475
2075 423.5485090636795
2076 422.9129171796326
2077 422.2766982367712
2078 421.6393884056386
2079 421.00060378669946
2080 420.36002145974817
2081 419.71736531942656
2082 419.0773631873159
2083 418.4443968327117
2084 417.8176106937493
2085 417.1963112795411
2086 416.5799278335197
2087 415.9679828943793
2088 415.3600702491468
2089 414.7558382633399
2090 414.1549773651659
2091 413.55721077405855
2092 412.9620172676405
2093 412.36891624801206
2094 411.7777295593945
2095 411.1882848678339
2096 410.6004155383449
2097 410.01396058463934
2098 409.428764626846
2099 408.8446777983562
2100 408.26155560730285
2101 407.6792587670012
2102 407.1020966295568
2103 406.53405018373337
2104 405.9744028177687
2105 405.4225729269757
2106 404.8780812463033
2107 404.3405264015355
2108 403.80956660939165
2109 403.2849059621231
2110 402.7662841341885
2111 402.7662841341885
2112 402.7662841341885
