1750 273.6229004802065
1751 273.63643226128465
1752 273.6631301811504
1753 273.6891937003129
1754 273.7147802052108
1755 273.73999405870404
1756 273.764915996634
1757 273.7896526553096
1758 273.81425820568035
1759 273.83874474581665
1760 273.86316471852115
1761 273.88756285317083
1762 273.9120335394146
1763 273.9366071869023
1764 273.9612606510032
1765 273.9860337805022
1766 274.01095842353635
1767 274.03613155063044
1768 274.061567002724
1769 274.0872080785986
1770 274.1130806704993
1771 274.13921020983315
1772 274.1656980798816
1773 274.1925555480389
1774 274.2197190991216
1775 274.2472077938541
1776 274.2750353209979
1777 274.30330205627257
1778 274.3320135543344
1779 274.3610939732162
1780 274.3905646090384
1781 274.42044319093736
1782 274.45084608154644
1783 274.4817732634678
1784 274.5131310060964
1785 274.54494707072104
1786 274.5772396734185
1787 274.6101498520573
1788 274.6436691546937
1789 274.67766469211404
1790 274.71215851057593
1791 274.7471736942089
1792 274.78286067523857
1793 274.81925708340134
1794 274.8562357980659
1795 274.89377322176324
1796 274.9318844367111
1797 274.9706574110429
1798 275.01016755879186
1799 275.0504054319018
1800 275.091386816898
1801 275.13316350359264
1802 275.1756490654679
1803 275.2192508759768
1804 275.2636605282306
1805 275.3085932228413
1806 275.35435350356454
1807 275.4008608990208
1808 275.4483228176682
1809 275.4964896192201
1810 275.5452533124489
1811 275.59493937292706
1812 275.6456707102196
1813 275.6973935013506
1814 275.7500069280482
1815 275.8035022216145
1816 275.8579639744871
1817 275.9136232039495
1818 275.97050791624
1819 276.02835576173413
1820 276.08709706836135
1821 276.1468039832764
1822 276.2075360563375
1823 276.26938979671445
1824 276.33252317977326
1825 276.3969146998353
1826 276.4625344177724
1827 276.5293310673656
1828 276.59744481495505
1829 276.6668774008847
1830 276.7373335727859
1831 276.8101501084435
1832 276.8849509911267
1833 276.9604181108589
1834 277.03712651941333
1835 277.11519454003974
1836 277.19463376582013
1837 277.27619657969683
1838 277.35968712798405
1839 277.4444755621833
1840 277.53085980174285
1841 277.6191191476902
1842 277.7092479235048
1843 277.80121146490995
1844 277.8949928453705
1845 277.9907170290084
1846 278.08905203768234
1847 278.18948830492
1848 278.2919180718923
1849 278.3962160483403
1850 278.5021057813509
1851 278.6102890653372
1852 278.7168581405468
1853 278.83208520616404
1854 278.9563972320788
1855 279.0784390260928
1856 279.1987811587909
1857 279.31856206145824
1858 279.4397453788895
1859 279.56117380978486
1860 279.68429235675774
1861 279.8103516308752
1862 279.9397825288344
1863 280.057483442838
1864 280.1635445000883
1865 280.27324458415256
1866 280.38547561576235
1867 280.49885140209483
1868 280.6130865104035
1869 280.727618538293
1870 280.8424235920477
1871 280.9576974692547
1872 281.07818771802783
1873 281.2237282891871
1874 281.38911104677584
1875 281.5513133185429
1876 281.71251981699226
1877 281.8763161012268
1878 282.0407515566244
1879 282.2056052329103
1880 282.3729654827867
1881 282.5477934797693
1882 282.73430286601933
1883 282.91687881581504
1884 283.09237189578675
1885 283.2709807460102
1886 283.4493327475521
1887 283.62755870742944
1888 283.8068026254661
1889 283.99172349234857
1890 284.17888725295273
1891 284.3672850846171
1892 284.55960631938456
1893 284.7544229377525
1894 284.94842424921217
1895 285.14462917983474
1896 285.3491901419335
1897 285.55802057044934
1898 285.7699830021455
1899 285.98710470710216
1900 286.2131284083809
1901 286.4478484012245
1902 286.6996468436389
1903 286.96509624748853
1904 287.24225509108
1905 287.5344020129886
1906 287.83812077597764
1907 288.15904801342543
1908 288.5018430582637
1909 288.84876217606046
1910 289.1891783848775
1911 289.53754330942354
1912 289.87730647173834
1913 290.20230940548913
1914 290.5321398254949
1915 290.8462710350684
1916 291.1348111128439
1917 291.4333438913579
1918 291.7501459232702
1919 292.06725876585733
1920 292.3571508714708
1921 292.65210140316924
1922 292.9588666308614
1923 293.25831584481153
1924 293.590800396509
1925 293.9455880816115
1926 294.2983257644636
1927 294.64613871829494
1928 295.01679621530053
1929 295.41047071759414
1930 295.8182409091568
1931 296.2369007506815
1932 296.6245345386633
1933 296.9501918252124
1934 297.2510345669409
1935 297.5803520605956
1936 297.9323508370916
1937 298.3120779194622
1938 298.7181526944847
1939 299.1116801536712
1940 299.49951940811104
1941 299.91572097427513
1942 300.34291566757696
1943 300.7672780694045
1944 301.19727518631464
1945 301.6263213133543
1946 302.0040446414034
1947 302.3826399726313
1948 302.8430432412208
1949 303.3511973155894
1950 303.8602201990354
1951 304.39370497730164
1952 305.0256174264945
1953 305.7164731580121
1954 306.40282111209194
1955 307.1004511507685
1956 307.8489680829547
1957 308.6661798706692
1958 309.5237957392688
1959 310.4053313082975
1960 311.3040265497367
1961 312.21763182690023
1962 313.1493511469809
1963 314.0971998619708
1964 315.07884092419795
1965 316.1016679268942
1966 317.1649519004625
1967 318.2704779880494
1968 319.4148309075314
1969 320.5974137539112
1970 321.8299452233868
1971 323.1296603500863
1972 324.4577850317744
1973 325.78871639546384
1974 327.17005915138185
1975 328.5620257656953
1976 329.9121950538316
1977 331.3029624603279
1978 332.77374644162893
1979 334.29105436383685
1980 335.83314341064465
1981 337.34846657565265
1982 338.8023067827648
1983 340.21258970303325
1984 341.64578808195654
1985 343.1452295098131
1986 344.68457981397194
1987 346.2550896757089
1988 347.86577694106893
1989 349.5265642356976
1990 351.2248017220595
1991 352.89557572069555
1992 354.56767272324856
1993 356.2675610361761
1994 357.93439911619726
1995 359.5753694096811
1996 361.2385940500677
1997 362.9470435299448
1998 364.8382727489712
1999 366.7276899465094
2000 368.4186451713729
2001 370.1088310321355
2002 371.7952833528244
2003 373.5006060079198
2004 375.2905853692664
2005 377.21401018899695
2006 379.2828090510805
2007 381.44363600709806
2008 383.678920072993
2009 385.8642705518472
2010 387.9591458966272
2011 390.1474410262419
2012 392.5014458922493
2013 394.9330876546925
2014 397.4213380568939
2015 399.9784393203983
2016 402.5281105302388
2017 405.0740032944386
2018 407.6967188398834
2019 410.39137664531154
2020 413.1549714461352
2021 415.9856808513698
2022 418.7300252301744
2023 421.2499767916505
2024 423.569950326873
2025 425.7059309292267
2026 427.6684822249911
2027 429.51831753811126
2028 431.30825040203786
2029 433.032267879097
2030 434.6865653302887
2031 436.2687768507016
2032 437.8171785572795
2033 439.3675129783794
2034 440.9140179389278
2035 442.4527894365728
2036 443.9811901759772
2037 445.4827633016404
2038 446.9427563384129
2039 448.3623105841824
2040 449.7423195724415
2041 451.0834958941359
2042 452.38015774339306
2043 453.6271141899323
2044 454.8257967491529
2045 455.97731415473095
2046 457.0825394869108
2047 458.1395734107977
2048 459.146363270561
2049 460.1033422405262
2050 461.0108843685224
2051 461.86931853999454
2052 462.6720701559773
2053 463.4128431332226
2054 464.0924492149626
2055 464.71160157552674
2056 465.2709340280928
2057 465.7498530218888
2058 466.129059051707
2059 466.4114205574386
2060 466.5992455649627
2061 466.69441683025866
2062 466.6945965783208
2063 466.597458571064
2064 466.40459889412114
2065 466.1173880500022
2066 465.7370208537926
2067 465.2764500385056
2068 464.74775902506
2069 464.1504454767716
2070 463.4842166020748
2071 462.748940250656
2072 461.95452637158894
2073 461.1103566650188
2074 460.21546461147113
2075 459.2691557121708
2076 458.2709478783198
2077 457.2289717719747
2078 456.1509629876659
2079 455.0358872024918
2080 453.8829691823266
2081 452.691637927054
2082 451.4694583984038
2083 450.2236174736129
2084 448.9530148886247
2085 447.6567960395424
2086 446.3343015146672
2087 444.9986358294272
2088 443.6621910382953
2089 442.3231663366786
2090 440.9801145240048
2091 439.6318692536658
2092 438.29444050331
2093 436.9829694556294
2094 435.6949290963099
2095 434.4282461414484
2096 433.18120890197406
2097 431.9524742146148
2098 430.740924755078
2099 429.5455441780938
2100 428.3654661987076
2101 427.1999451565696
2102 426.0486054766527
2103 424.91113466924793
2104 423.7869982515985
2105 422.6757184140511
2106 421.57686367316273
2107 420.49004063324
2108 419.4148874126156
2109 418.35106839095687
2110 417.2982700059066
2111 417.2982700059066
2112 417.2982700059066
