1750 275.6504468661619
1751 275.66234560980695
1752 275.68649341303944
1753 275.71083836199017
1754 275.73479326768364
1755 275.7582954293781
1756 275.78140816836367
1757 275.80425215269537
1758 275.82690274211853
1759 275.84939465703764
1760 275.871796436941
1761 275.894164938825
1762 275.9166018271724
1763 275.9391408163729
1764 275.96176303603943
1765 275.9845088666796
1766 276.0074099661477
1767 276.0305631705707
1768 276.0539799306032
1769 276.0776064908609
1770 276.10147164164147
1771 276.1255963597716
1772 276.1500721263004
1773 276.17490190688795
1774 276.2000213487432
1775 276.2254538605305
1776 276.2512153991412
1777 276.277397543609
1778 276.3039991922081
1779 276.3309487206636
1780 276.35826818126105
1781 276.3859724472955
1782 276.41417235516985
1783 276.4428618281673
1784 276.471946624168
1785 276.50145129160626
1786 276.5313912748527
1787 276.56190470990344
1788 276.5929805948299
1789 276.6244949509543
1790 276.6564759696494
1791 276.6889409547986
1792 276.7220272693709
1793 276.75576122958824
1794 276.7900170551377
1795 276.82478198963963
1796 276.8600779307364
1797 276.8959843227562
1798 276.93256728801595
1799 276.9698198992517
1800 277.0077601411216
1801 277.0464375787486
1802 277.0857668399344
1803 277.1261386168917
1804 277.16724330142176
1805 277.2088077641696
1806 277.2511319172619
1807 277.2941370677947
1808 277.3380251288942
1809 277.38255671198266
1810 277.4276394216102
1811 277.4735852130193
1812 277.5204977781425
1813 277.5683137025072
1814 277.61693363210463
1815 277.6663627592585
1816 277.7166935162517
1817 277.7681417643977
1818 277.8207237495098
1819 277.87418984308334
1820 277.9284820898953
1821 277.9836718300054
1822 278.03981519172135
1823 278.0970003944914
1824 278.15537080978726
1825 278.2148952469912
1826 278.2755473873471
1827 278.33728608523995
1828 278.40024802893254
1829 278.46444117675736
1830 278.52959188547555
1831 278.59699069731715
1832 278.6662355079061
1833 278.73604941615525
1834 278.8070123237793
1835 278.8792419328213
1836 278.9527576407331
1837 279.02828050497726
1838 279.10560462626233
1839 279.1841342903473
1840 279.2641751015231
1841 279.3459878029076
1842 279.4295596206404
1843 279.5148566093836
1844 279.6018507521144
1845 279.69064502410185
1846 279.7818835298913
1847 279.87507209292204
1848 279.9701197416538
1849 280.0669247548095
1850 280.16523724004514
1851 280.2657333931516
1852 280.3646097745875
1853 280.471844650676
1854 280.5876251571377
1855 280.7009957520132
1856 280.8127789516798
1857 280.9240518491605
1858 281.03666141014673
1859 281.14945658411085
1860 281.2638702376721
1861 281.3810933123833
1862 281.5015195296813
1863 281.61053716837586
1864 281.70853900468995
1865 281.8102908632005
1866 281.9144065614215
1867 282.01959287333534
1868 282.1256387442445
1869 282.2320380129147
1870 282.3387885190672
1871 282.4460596170477
1872 282.5584189508972
1873 282.6949237584525
1874 282.850112430693
1875 283.00183501836585
1876 283.1526849131532
1877 283.3060405434255
1878 283.4598818798729
1879 283.614019559373
1880 283.77049962941027
1881 283.9341196348909
1882 284.10887901925486
1883 284.27956607581507
1884 284.4434405640328
1885 284.6104539357246
1886 284.77713426156515
1887 284.9436757263291
1888 285.1112073054357
1889 285.2842803927498
1890 285.4595190751213
1891 285.63601300579694
1892 285.81638923144754
1893 285.9991679848482
1894 286.1811227236944
1895 286.36528077902665
1896 286.55760103778266
1897 286.75398109857485
1898 286.95338840019457
1899 287.1578579635717
1900 287.37103167281333
1901 287.5926784035293
1902 287.83093539523145
1903 288.0822565178572
1904 288.3447882298283
1905 288.62178219821897
1906 288.90989068253043
1907 289.21466818149844
1908 289.5405958213421
1909 289.8703365543988
1910 290.19378383647364
1911 290.52519690585507
1912 290.84817684796167
1913 291.1569110586013
1914 291.47066873961194
1915 291.76914441945354
1916 292.04292917035394
1917 292.3269273997941
1918 292.628759577279
1919 292.93082032659305
1920 293.2063838166171
1921 293.487299117879
1922 293.77953526213366
1923 294.0640533288889
1924 294.3808088509906
1925 294.7190561135517
1926 295.0551441558901
1927 295.3866180590472
1928 295.7407630337506
1929 296.1173383352615
1930 296.50763103155145
1931 296.9086708898936
1932 297.27914259572765
1933 297.5888571261651
1934 297.874604810031
1935 298.18831924134423
1936 298.52383458801773
1937 298.88649868452603
1938 299.2752223199595
1939 299.6518867107653
1940 300.0236250654855
1941 300.423871172097
1942 300.83520667316554
1943 301.24431741040274
1944 301.6597162999214
1945 302.0746145268111
1946 302.4391370592464
1947 302.80479601992914
1948 303.2504272994856
1949 303.7417976546621
1950 304.23356637422035
1951 304.7499909415875
1952 305.3638836072324
1953 306.035227424897
1954 306.7019430242869
1955 307.3805529262416
1956 308.1099514557004
1957 308.90747003486456
1958 309.7454469015249
1959 310.6080136567491
1960 311.48837898373966
1961 312.3843881154709
1962 313.3000337252626
1963 314.23423482496
1964 315.2045316270674
1965 316.2176580828775
1966 317.2723921336127
1967 318.37027211255634
1968 319.5077709095456
1969 320.6841164659613
1970 321.9108393120466
1971 323.20516351793606
1972 324.5285960813856
1973 325.85610212835934
1974 327.2357266678827
1975 328.62720164893085
1976 329.9773835942861
1977 331.368633082472
1978 332.84045337253065
1979 334.35910668126195
1980 335.9027402249443
1981 337.41988313309923
1982 338.8755070488554
1983 340.28716751353033
1984 341.72094920406346
1985 343.2192884320499
1986 344.75579980467626
1987 346.3224580756238
1988 347.9288174683427
1989 349.5854036953243
1990 351.2794654808017
1991 352.9456585491638
1992 354.61427614159373
1993 356.3118667112321
1994 357.97489874605026
1995 359.61071766940773
1996 361.2687469333847
1997 362.9708775283197
1998 364.85607440923735
1999 366.74117996419744
2000 368.42803398388935
2001 370.11213464299567
2002 371.7887957881867
2003 373.4832376346312
2004 375.2651210968089
2005 377.1848692896834
2006 379.25418255162026
2007 381.4199449620196
2008 383.6647756528876
2009 385.8615273022207
2010 387.967333015277
2011 390.1671419096325
2012 392.5340199577768
2013 394.9796316528967
2014 397.4834337906818
2015 400.0578902879157
2016 402.6244683508143
2017 405.1289509154401
2018 407.6024186040465
2019 410.04995608061984
2020 412.4750074660382
2021 414.8800031844411
2022 417.2644773430831
2023 419.6278267376657
2024 421.9716043818895
2025 424.29699143971686
2026 426.604925843538
2027 428.9004004187251
2028 431.18786369974725
2029 433.4671868058938
2030 435.73840859911
2031 438.00166433732704
2032 440.1524943313563
2033 442.0950702123709
2034 443.8441853870748
2035 445.4102277363714
2036 446.8006250813869
2037 448.097847130853
2038 449.37690540687055
2039 450.6304731093485
2040 451.8534991659165
2041 453.0424794227571
2042 454.1740604338262
2043 455.2271542599025
2044 456.2032062151225
2045 457.1033047130514
2046 457.92828076292574
2047 458.6668619350961
2048 459.3084917961066
2049 459.85506541118014
2050 460.3080345826477
2051 460.6685344892953
2052 460.94137347241167
2053 461.1308942882115
2054 461.23719205007455
2055 461.260403169958
2056 461.2006915439695
2057 461.0582434396328
2058 460.8332653274941
2059 460.52597590246535
2060 460.13660075984353
2061 459.6653717156168
2062 459.1110050950056
2063 458.4723209655781
2064 457.74974616794833
2065 456.9436810541196
2066 456.0545094712044
2067 455.082606807203
2068 454.02834528879714
2069 452.8920983591181
2070 451.6742439646881
2071 450.3751672701973
2072 449.0196146148608
2073 447.63085237944085
2074 446.2066016257352
2075 444.7451026356287
2076 443.2450025881352
2077 441.70526866448233
2078 440.12512093740713
2079 438.5039810043562
2080 436.84143200547527
2081 435.1371872828985
2082 433.4100969662834
2083 431.6779505478353
2084 429.9386375477234
2085 428.1904768615976
2086 426.4321292709772
2087 424.6625287699847
2088 422.8808284221964
2089 421.0863575102271
2090 419.2785878026679
2091 417.4571069157706
2092 415.6286116686622
2093 413.79943896126696
2094 411.9686131934768
2095 410.1353480526465
2096 408.2990104087866
2097 406.4590934270775
2098 404.6151950587314
2099 402.7669962400625
2100 400.9142433118656
2101 399.0567352430163
2102 397.210717799795
2103 395.39142231969856
2104 393.5968385309037
2105 391.825309872986
2106 390.0754633563079
2107 388.3461536716169
2108 386.6364184896253
2109 384.945442676296
2110 383.272529626474
2111 383.272529626474
2112 383.272529626474
