1750 -0.0343636590995104
1751 -0.0356176069647
1752 -0.0381299410933565
1753 -0.0406466448063466
1754 -0.0431906525056834
1755 -0.0452875146016255
1756 -0.0466447645795339
1757 -0.0479202301434476
1758 -0.0490609298846619
1759 -0.049918382258254
1760 -0.0509235405588847
1761 -0.0517977160207137
1762 -0.0522675747991762
1763 -0.0525171634646852
1764 -0.0521638245825141
1765 -0.0519695932306166
1766 -0.0520295880394963
1767 -0.0517994601390113
1768 -0.0520845730343038
1769 -0.0525196193935456
1770 -0.0526404256456758
1771 -0.0523581166903165
1772 -0.051592538857417
1773 -0.0508517626002985
1774 -0.0508293699728164
1775 -0.0509899451896862
1776 -0.0507078654834037
1777 -0.0504864370513662
1778 -0.0505764459364267
1779 -0.0506083455365153
1780 -0.0507757825349264
1781 -0.0509597856988567
1782 -0.0508482234252611
1783 -0.0506149193541274
1784 -0.0499579421442885
1785 -0.04950390043067
1786 -0.0492758547134604
1787 -0.0490177782483011
1788 -0.0493712347063153
1789 -0.049779274363756
1790 -0.0498601769369209
1791 -0.0495633995287986
1792 -0.0488193070970595
1793 -0.0480820312727395
1794 -0.0480045836994393
1795 -0.0480900634720397
1796 -0.0477095134880414
1797 -0.0473611917179088
1798 -0.0472586017234225
1799 -0.0471778381801993
1800 -0.047184927560315
1801 -0.0470698528630841
1802 -0.0467883529886946
1803 -0.0463311116302482
1804 -0.0454708579399753
1805 -0.0448516057473901
1806 -0.0444144435408988
1807 -0.043916039638534
1808 -0.0438924276234197
1809 -0.043913175229998
1810 -0.0436541287703837
1811 -0.0430642303418069
1812 -0.041986763606531
1813 -0.0409016797494618
1814 -0.0404889175381549
1815 -0.0402374183545918
1816 -0.0396620956010256
1817 -0.0390548023152245
1818 -0.0386296481686377
1819 -0.0382135140123928
1820 -0.0378753595320218
1821 -0.0375396636578886
1822 -0.0369992550351891
1823 -0.0362134413413033
1824 -0.0351017881220138
1825 -0.0342354433038601
1826 -0.0334838298551216
1827 -0.0326860086448083
1828 -0.0324701704548457
1829 -0.0323674606176466
1830 -0.0321188906221418
1831 -0.0315640092786424
1832 -0.0305131831889202
1833 -0.0295424011049861
1834 -0.0291869324629911
1835 -0.0289165528413699
1836 -0.0284995985380466
1837 -0.0282165102801198
1838 -0.0280797925413021
1839 -0.0279718304229306
1840 -0.0278231155422537
1841 -0.0277254970586389
1842 -0.0275181236212106
1843 -0.0268626675423781
1844 -0.0257533536304128
1845 -0.0249199857772977
1846 -0.0241377722129212
1847 -0.0233482119853288
1848 -0.0231414795006867
1849 -0.0229934787013088
1850 -0.0227033057611386
1851 -0.0220298765812953
1852 -0.0207642937184276
1853 -0.0194942203350349
1854 -0.0189686925496229
1855 -0.018514970525655
1856 -0.0176321517982715
1857 -0.0168255556219063
1858 -0.0160725582666058
1859 -0.0153042992720247
1860 -0.0146155492554464
1861 -0.013783947592933
1862 -0.0126383738395811
1863 -0.0111488578692269
1864 -0.0094040496175103
1865 -0.0080902993692418
1866 -0.0068690614706857
1867 -0.0056329290827013
1868 -0.0049002605897228
1869 -0.0040778987357057
1870 -0.0031640500081835
1871 -0.0021005458065104
1872 -0.0007045559751143
1873 0.000190578899539
1874 0.0007110556495566
1875 0.0017106279917445
1876 0.0028581190375376
1877 0.0038644985766386
1878 0.0049728352146196
1879 0.0057941487142154
1880 0.0061210075146418
1881 0.0064547988105289
1882 0.0069896068361892
1883 0.0077900340358931
1884 0.0087649345317867
1885 0.0097150317305636
1886 0.0109543475613899
1887 0.0121982260590136
1888 0.0125063941923266
1889 0.0127097473794347
1890 0.0129351305102904
1891 0.0131088841743197
1892 0.0139397062511537
1893 0.0151963381749506
1894 0.0161013629857581
1895 0.0165931048707194
1896 0.0172010698658339
1897 0.0175210987393448
1898 0.0173997816935398
1899 0.0163971642398555
1900 0.0147406694011606
1901 0.0134777217231325
1902 0.0127689601762255
1903 0.0119716104966982
1904 0.010956250409584
1905 0.0097684427559855
1906 0.0084471676930937
1907 0.0061262918654665
1908 0.0043456014649007
1909 0.0039366583222802
1910 0.0030745604392636
1911 0.0027604853976464
1912 0.0031396636222896
1913 0.0025626713018297
1914 0.0030013644643946
1915 0.0056164779965934
1916 0.0074891448171404
1917 0.0077897868876162
1918 0.0083525850912976
1919 0.0127337673835568
1920 0.0180876457359641
1921 0.0249354964193776
1922 0.0336572644296163
1923 0.0378773669379855
1924 0.0398261635846174
1925 0.0425867862677204
1926 0.0454685990278895
1927 0.0472538007930085
1928 0.04849934717831
1929 0.049240861950068
1930 0.0509654048056302
1931 0.0576803113638924
1932 0.0690333169370769
1933 0.0801991706455027
1934 0.0873334869461298
1935 0.0909804849852596
1936 0.0921717472937409
1937 0.0913730304637475
1938 0.0925727599524525
1939 0.0948860758881929
1940 0.0945944948012298
1941 0.0930622967441158
1942 0.0915095965483972
1943 0.0907106523346573
1944 0.091789494187292
1945 0.0975736591756738
1946 0.1067955217140459
1947 0.1131250086319687
1948 0.1159078580340017
1949 0.1189748739302646
1950 0.1202940928171225
1951 0.1197271701081076
1952 0.1200145765281097
1953 0.1209078212089027
1954 0.1230414174428503
1955 0.1245474379511248
1956 0.123516016375662
1957 0.1212483840249686
1958 0.1207568170095486
1959 0.1216682659880894
1960 0.1221834023479409
1961 0.1182637352180851
1962 0.1122733545360192
1963 0.1082831935513805
1964 0.1059985513330614
1965 0.1057744613126846
1966 0.1068045461178788
1967 0.1101632636413497
1968 0.1152255525269553
1969 0.1210367244291894
1970 0.1264272959320908
1971 0.1325838287295823
1972 0.1396905958865018
1973 0.1463382711929492
1974 0.1550416884155246
1975 0.1676048175427289
1976 0.180210861728277
1977 0.1919429257059631
1978 0.2054548464902999
1979 0.2199653900571443
1980 0.2353622668072802
1981 0.2537584249227878
1982 0.2739909740754533
1983 0.2961070592535088
1984 0.319254058787371
1985 0.3414217961438154
1986 0.3637617197902383
1987 0.3854358749092382
1988 0.4067474214735163
1989 0.4291659632262473
1990 0.4521544176026514
1991 0.4734272095592852
1992 0.4982797048148982
1993 0.5278528048461305
1994 0.5561596421697029
1995 0.5858460617879748
1996 0.6182346524101009
1997 0.6463779236354202
1998 0.6720757754957495
1999 0.7050055197834326
2000 0.7429082654750759
2001 0.7792926555315561
2002 0.8111607920954567
2003 0.8383155788823055
2004 0.8640404239650727
2005 0.8887813937872949
2006 0.9122746811536274
2007 0.9382612260471438
2008 0.969095191209878
2009 1.003667264718575
2010 1.0390671959851048
2011 1.074475499803223
2012 1.1092482096453338
2013 1.1446225812891857
2014 1.1804207722994986
2015 1.2217539025838529
2016 1.270253691985392
2017 1.3206772778226492
2018 1.3728097546748548
2019 1.4265668120815604
2020 1.4818853119999196
2021 1.5370146524635937
2022 1.5907668829066948
2023 1.643800995057114
2024 1.6965838802288422
2025 1.7494530531223953
2026 1.802657604587664
2027 1.8563827987695936
2028 1.9107666292550245
2029 1.965911679951711
2030 2.0218938849269423
2031 2.0783582374940366
2032 2.1350728219101205
2033 2.1922583493410617
2034 2.250090563150836
2035 2.3086987881703687
2036 2.368176398120456
2037 2.428589569331785
2038 2.4899841281459576
2039 2.55239077722869
2040 2.615829043643304
2041 2.6804772496415423
2042 2.7464374109271352
2043 2.8136227806083784
2044 2.881975692886104
2045 2.951453945023552
2046 3.02202621905276
2047 3.093669146674745
2048 3.166365232038029
2049 3.2401013129368863
2050 3.314867399973208
2051 3.3901035011047504
2052 3.465383719470898
2053 3.5408700285755907
2054 3.61670164497899
2055 3.6929885940761
2056 3.769817683877368
2057 3.847257456250187
2058 3.925362095633559
2059 4.004174466619927
2060 4.083728464028667
2061 4.164190384807094
2062 4.245670332753741
2063 4.328117187524392
2064 4.411492554129814
2065 4.4957682915671935
2066 4.580923428239054
2067 4.666942078295878
2068 4.753811952680125
2069 4.8415232686076815
2070 4.930067944092738
2071 5.019668215422476
2072 5.11043871976428
2073 5.202212278711217
2074 5.294855069785103
2075 5.388268038408903
2076 5.482377922226343
2077 5.577130599228383
2078 5.672486108837823
2079 5.768414910621005
2080 5.864895071995066
2081 5.961919849577462
2082 6.059420516259522
2083 6.157247758217515
2084 6.255262993652509
2085 6.353365870509051
2086 6.451484758010514
2087 6.549569332789868
2088 6.64758493734051
2089 6.745508327355083
2090 6.843324484794439
2091 6.94106925507339
2092 7.038771490190164
2093 7.13640542910848
2094 7.23394311995212
2095 7.331364111580439
2096 7.42865286250489
2097 7.525797265116633
2098 7.622787693002512
2099 7.719616338522523
2100 7.816276735860412
2101 7.912448523989411
2102 8.00791372030445
2103 8.102778696632942
2104 8.197100992588762
2105 8.290918381845223
2106 8.38425688590019
2107 8.477134666299753
2108 8.569564267472174
2109 8.661554088262157
2110 8.75310942636985
2111 8.75310942636985
2112 8.75310942636985
