1750 -0.0343636590995104
1751 -0.0356176069647
1752 -0.0381299410933565
1753 -0.0406466448063466
1754 -0.0431906525056834
1755 -0.0452875146016255
1756 -0.0466447645795339
1757 -0.0479202301434476
1758 -0.0490609298846619
1759 -0.049918382258254
1760 -0.0509235405588847
1761 -0.0517977160207137
1762 -0.0522675747991762
1763 -0.0525171634646852
1764 -0.0521638245825141
1765 -0.0519695932306166
1766 -0.0520295880394963
1767 -0.0517994601390113
1768 -0.0520845730343038
1769 -0.0525196193935456
1770 -0.0526404256456758
1771 -0.0523581166903165
1772 -0.051592538857417
1773 -0.0508517626002985
1774 -0.0508293699728164
1775 -0.0509899451896862
1776 -0.0507078654834037
1777 -0.0504864370513662
1778 -0.0505764459364267
1779 -0.0506083455365153
1780 -0.0507757825349264
1781 -0.0509597856988567
1782 -0.0508482234252611
1783 -0.0506149193541274
1784 -0.0499579421442885
1785 -0.04950390043067
1786 -0.0492758547134604
1787 -0.0490177782483011
1788 -0.0493712347063153
1789 -0.049779274363756
1790 -0.0498601769369209
1791 -0.0495633995287986
1792 -0.0488193070970595
1793 -0.0480820312727395
1794 -0.0480045836994393
1795 -0.0480900634720397
1796 -0.0477095134880414
1797 -0.0473611917179088
1798 -0.0472586017234225
1799 -0.0471778381801993
1800 -0.047184927560315
1801 -0.0470698528630841
1802 -0.0467883529886946
1803 -0.0463311116302482
1804 -0.0454708579399753
1805 -0.0448516057473901
1806 -0.0444144435408988
1807 -0.043916039638534
1808 -0.0438924276234197
1809 -0.043913175229998
1810 -0.0436541287703837
1811 -0.0430642303418069
1812 -0.041986763606531
1813 -0.0409016797494618
1814 -0.0404889175381549
1815 -0.0402374183545918
1816 -0.0396620956010256
1817 -0.0390548023152245
1818 -0.0386296481686377
1819 -0.0382135140123928
1820 -0.0378753595320218
1821 -0.0375396636578886
1822 -0.0369992550351891
1823 -0.0362134413413033
1824 -0.0351017881220138
1825 -0.0342354433038601
1826 -0.0334838298551216
1827 -0.0326860086448083
1828 -0.0324701704548457
1829 -0.0323674606176466
1830 -0.0321188906221418
1831 -0.0315640092786424
1832 -0.0305131831889202
1833 -0.0295424011049861
1834 -0.0291869324629911
1835 -0.0289165528413699
1836 -0.0284995985380466
1837 -0.0282165102801198
1838 -0.0280797925413021
1839 -0.0279718304229306
1840 -0.0278231155422537
1841 -0.0277254970586389
1842 -0.0275181236212106
1843 -0.0268626675423781
1844 -0.0257533536304128
1845 -0.0249199857772977
1846 -0.0241377722129212
1847 -0.0233482119853288
1848 -0.0231414795006867
1849 -0.0229934787013088
1850 -0.0227033057611386
1851 -0.0220298765812953
1852 -0.0207642937184276
1853 -0.0194942203350349
1854 -0.0189686925496229
1855 -0.018514970525655
1856 -0.0176321517982715
1857 -0.0168255556219063
1858 -0.0160725582666058
1859 -0.0153042992720247
1860 -0.0146155492554464
1861 -0.013783947592933
1862 -0.0126383738395811
1863 -0.0111488578692269
1864 -0.0094040496175103
1865 -0.0080902993692418
1866 -0.0068690614706857
1867 -0.0056329290827013
1868 -0.0049002605897228
1869 -0.0040778987357057
1870 -0.0031640500081835
1871 -0.0021005458065104
1872 -0.0007045559751143
1873 0.000190578899539
1874 0.0007110556495566
1875 0.0017106279917445
1876 0.0028581190375376
1877 0.0038644985766386
1878 0.0049728352146196
1879 0.0057941487142154
1880 0.0061210075146418
1881 0.0064547988105289
1882 0.0069896068361892
1883 0.0077900340358931
1884 0.0087649345317867
1885 0.0097150317305636
1886 0.0109543475613899
1887 0.0121982260590136
1888 0.0125063941923266
1889 0.0127097473794347
1890 0.0129351305102904
1891 0.0131088841743197
1892 0.0139397062511537
1893 0.0151963381749506
1894 0.0161013629857581
1895 0.0165931048707194
1896 0.0172010698658339
1897 0.0175210987393448
1898 0.0173997816935398
1899 0.0163971642398555
1900 0.0147406694011606
1901 0.0134777217231325
1902 0.0127689601762255
1903 0.0119716104966982
1904 0.010956250409584
1905 0.0097684427559855
1906 0.0084471676930937
1907 0.0061262918654665
1908 0.0043456014649007
1909 0.0039366583222802
1910 0.0030745604392636
1911 0.0027604853976464
1912 0.0031396636222896
1913 0.0025626713018297
1914 0.0030013644643946
1915 0.0056164779965934
1916 0.0074891448171404
1917 0.0077897868876162
1918 0.0083525850912976
1919 0.0127337673835568
1920 0.0180876457359641
1921 0.0249354964193776
1922 0.0336572644296163
1923 0.0378773669379855
1924 0.0398261635846174
1925 0.0425867862677204
1926 0.0454685990278895
1927 0.0472538007930085
1928 0.04849934717831
1929 0.049240861950068
1930 0.0509654048056302
1931 0.0576803113638924
1932 0.0690333169370769
1933 0.0801991706455027
1934 0.0873334869461298
1935 0.0909804849852596
1936 0.0921717472937409
1937 0.0913730304637475
1938 0.0925727599524525
1939 0.0948860758881929
1940 0.0945944948012298
1941 0.0930622967441158
1942 0.0915095965483972
1943 0.0907106523346573
1944 0.091789494187292
1945 0.0975736591756738
1946 0.1067955217140459
1947 0.1131250086319687
1948 0.1159078580340017
1949 0.1189748739302646
1950 0.1202940928171225
1951 0.1197271701081076
1952 0.1200145765281097
1953 0.1209078212089027
1954 0.1230414174428503
1955 0.1245474379511248
1956 0.123516016375662
1957 0.1212483840249686
1958 0.1207568170095486
1959 0.1216682659880894
1960 0.1221834023479409
1961 0.1182637352180851
1962 0.1122733545360192
1963 0.1082831935513805
1964 0.1059985513330614
1965 0.1057744613126846
1966 0.1068045461178788
1967 0.1101632636413497
1968 0.1152255525269553
1969 0.1210367244291894
1970 0.1264272959320908
1971 0.1325838287295823
1972 0.1396905958865018
1973 0.1463382711929492
1974 0.1550416884155246
1975 0.1676048175427289
1976 0.180210861728277
1977 0.1919429257059631
1978 0.2054548464902999
1979 0.2199653900571443
1980 0.2353622668072802
1981 0.2537584249227878
1982 0.2739909740754533
1983 0.2961070592535088
1984 0.319254058787371
1985 0.3414217961438154
1986 0.3637617197902383
1987 0.3854358749092382
1988 0.4067474214735163
1989 0.4291659632262473
1990 0.4521544176026514
1991 0.4734272095592852
1992 0.4982797048148982
1993 0.5278528048461305
1994 0.5561596421697029
1995 0.5858460617879748
1996 0.6182346524101009
1997 0.6463779236354202
1998 0.6720757754957495
1999 0.7050055197834326
2000 0.7429082654750759
2001 0.7792926555315561
2002 0.8111607920954567
2003 0.8383155788823055
2004 0.8640404239650727
2005 0.8887813937872949
2006 0.9122746811536274
2007 0.9382612260471438
2008 0.969095191209878
2009 1.003667264718575
2010 1.0390671959851048
2011 1.074475499803223
2012 1.1092482096453338
2013 1.1446225812891857
2014 1.1804207722994986
2015 1.2217539025838815
2016 1.2684363870390811
2017 1.313946145071684
2018 1.3587508358288751
2019 1.4032910010691542
2020 1.4478961890719295
2021 1.4924112592937675
2022 1.536748007029216
2023 1.5811623579088048
2024 1.6257950717736689
2025 1.6707422948240245
2026 1.7160745753507411
2027 1.76184534091004
2028 1.808095559319335
2029 1.8548567747099227
2030 1.902153291860459
2031 1.9500306961434983
2032 1.998499391978847
2033 2.047517773852528
2034 2.0970535982317164
2035 2.147086938085694
2036 2.1976051733979123
2037 2.248600315674294
2038 2.3000674078251797
2039 2.3520034946433457
2040 2.4044069332683344
2041 2.45726110971413
2042 2.510550168622184
2043 2.564270753300842
2044 2.618420089917154
2045 2.672997699866754
2046 2.728003707657193
2047 2.7834382239452182
2048 2.839301119165073
2049 2.8955919497321254
2050 2.9523099483855257
2051 3.0095848403013488
2052 3.0675016234153087
2053 3.125999682737298
2054 3.1850321206032173
2055 3.2445635237377357
2056 3.304566603166628
2057 3.3650200334793205
2058 3.425906940767497
2059 3.487213798524416
2060 3.5489296055251582
2061 3.611072361828472
2062 3.6736532547118177
2063 3.736655829261324
2064 3.8000676527132
2065 3.863878894100338
2066 3.928081347422177
2067 3.9926679344853335
2068 4.057632404906634
2069 4.122969133019857
2070 4.188672971459496
2071 4.254755584533011
2072 4.321224532587707
2073 4.3880706272601975
2074 4.455286538172234
2075 4.5228660017818525
2076 4.59080335556279
2077 4.659093339261864
2078 4.7277309920543145
2079 4.796711588906375
2080 4.866030596072036
2081 4.935668866819985
2082 5.0056131132608845
2083 5.075869151908489
2084 5.1464423014309295
2085 5.217335497303062
2086 5.28855017435709
2087 5.360086722372605
2088 5.431944762604003
2089 5.50412333517787
2090 5.576621033853223
2091 5.649510355760717
2092 5.722840422063206
2093 5.796583623495255
2094 5.870722639476072
2095 5.945244351021929
2096 6.020138136507416
2097 6.095395067094856
2098 6.171007446156138
2099 6.246968504802724
2100 6.323272183088368
2101 6.399862758214908
2102 6.47662973092051
2103 6.553432569730087
2104 6.630130258023504
2105 6.706617582768777
2106 6.782819213693325
2107 6.858683002077133
2108 6.934174200306081
2109 7.009270868303435
2110 7.083960343824921
2111 7.083960343824921
2112 7.083960343824921
