1750 0.0330843863980325
1751 0.0316906745253845
1752 0.0291266155523253
1753 0.0263604748592711
1754 0.0224509887427127
1755 0.0190783986934069
1756 0.0176481844023374
1757 0.015602237494456
1758 0.0133474915803903
1759 0.0119561603975611
1760 0.0098924069683845
1761 0.0080645959822668
1762 0.0075819575155466
1763 0.0077384099414901
1764 0.0098238389791813
1765 0.0109371802578698
1766 0.010848027843366
1767 0.0117011772512122
1768 0.0103723990603327
1769 0.0085610926266829
1770 0.0080949149996933
1771 0.009105274382091
1772 0.0118221813330587
1773 0.0143014919717871
1774 0.0139279989247972
1775 0.0127461837650503
1776 0.013365989455362
1777 0.0136444592131565
1778 0.0125026379105244
1779 0.0118106350476735
1780 0.0108016305301229
1781 0.0096791177001508
1782 0.0097371964857552
1783 0.0103589372844309
1784 0.0124236409035017
1785 0.0135794731473851
1786 0.0138763037687622
1787 0.0141882857719865
1788 0.0119859206370586
1789 0.0096539831864056
1790 0.0086789670471464
1791 0.0091795823997173
1792 0.0113674243736802
1793 0.0134589460132485
1794 0.0129327757532904
1795 0.0116125879261636
1796 0.0121778505792266
1797 0.0124964538918573
1798 0.011560253996207
1799 0.010652931918709
1800 0.0095934384025835
1801 0.0088972231183287
1802 0.0088868859292492
1803 0.0096173367847344
1804 0.0115380433349088
1805 0.012332641144661
1806 0.0123454757914087
1807 0.0124428505038163
1808 0.0105123846342544
1809 0.0084116268602767
1810 0.0074628524634793
1811 0.0077044914647748
1812 0.0097453811326627
1813 0.0117450319815046
1814 0.0111198454254918
1815 0.0097696749887933
1816 0.0097437436686217
1817 0.0097945158121984
1818 0.0088640792159578
1819 0.0079458894413417
1820 0.006915201093039
1821 0.0058184525620844
1822 0.0055441676301559
1823 0.0063228207033566
1824 0.0080454800667066
1825 0.0087123131698878
1826 0.0089663490787408
1827 0.0093062590114139
1828 0.0073768299350551
1829 0.0050826964896168
1830 0.0037455962136599
1831 0.0037183061758009
1832 0.005344630018593
1833 0.0066362026099689
1834 0.0056561253740032
1835 0.0042845566395773
1836 0.003734409471393
1837 0.0028119997066245
1838 0.0011525582127841
1839 -0.0004778904077246
1840 -0.0016858966178521
1841 -0.0031652265556277
1842 -0.0042435523268307
1843 -0.0036271597465094
1844 -0.0017890071722088
1845 -0.0011935445943307
1846 -0.0010188769410089
1847 -0.001097149799285
1848 -0.0033259249449811
1849 -0.005645072538824
1850 -0.0072277057983983
1851 -0.0073815746733749
1852 -0.0054805174719989
1853 -0.0037349302209417
1854 -0.0045328086601182
1855 -0.0056355644777246
1856 -0.005318667551322
1857 -0.0055536538178069
1858 -0.0065422493059563
1859 -0.0074123017299522
1860 -0.0080886348788825
1861 -0.0082411882398696
1862 -0.0076799742048131
1863 -0.0060141832667813
1864 -0.0035274734578796
1865 -0.0026868359022252
1866 -0.0022802444201734
1867 -0.001833776435801
1868 -0.0032301567680616
1869 -0.0041323693340278
1870 -0.0045129168310778
1871 -0.0041499113894817
1872 -0.0017463060788739
1873 -0.0004699583191198
1874 -0.0013408461391754
1875 -0.0010631912549154
1876 -5.488461996298183e-05
1877 0.0002374324701756
1878 0.0003949754466544
1879 -0.0002179239819136
1880 -0.0010484543917808
1881 -0.0012181054142031
1882 -0.0007239249510075
1883 0.0011474336288456
1884 0.0031798786559496
1885 0.004077206270508
1886 0.0051643266842308
1887 0.0060969632880876
1888 0.0051422178082517
1889 0.0041874739153426
1890 0.003646544917886
1891 0.0040788838773102
1892 0.0065375610929392
1893 0.009034371131939
1894 0.009453977161088
1895 0.0092642537295588
1896 0.0104981643672862
1897 0.0112506303595458
1898 0.0112132194343473
1899 0.0101111977515529
1900 0.0083645219961225
1901 0.0079593906454273
1902 0.0088013800425278
1903 0.0103261403554943
1904 0.0109966395204239
1905 0.0104940512531988
1906 0.0103681114006667
1907 0.0091173892313535
1908 0.0075651914579492
1909 0.0077139647582434
1910 0.0074808787665868
1911 0.0083352892967409
1912 0.0113426195315625
1913 0.0133221715973121
1914 0.014441249322735
1915 0.0173509347962977
1916 0.0208677756936512
1917 0.0229859085886573
1918 0.0247051717132735
1919 0.0292478518690008
1920 0.0346583765711594
1921 0.0422447172947891
1922 0.0525189703634873
1923 0.0579296301563889
1924 0.0610197147227603
1925 0.0655052090967693
1926 0.0699787307336822
1927 0.0730291704747577
1928 0.0750718499484677
1929 0.0762108437944853
1930 0.0768056347133129
1931 0.0825250706614655
1932 0.0928693580641698
1933 0.102356574417205
1934 0.1076938690138428
1935 0.1098162112264852
1936 0.1097864970879131
1937 0.1084181643924811
1938 0.1103236214930262
1939 0.1128189787678198
1940 0.1131072151312855
1941 0.1133671986700349
1942 0.1128787314341075
1943 0.1128616670219445
1944 0.1147999931033791
1945 0.1207205298497804
1946 0.1299875877915939
1947 0.1372516851809832
1948 0.1410809342639567
1949 0.1437049182214756
1950 0.1431395921484625
1951 0.1430116064773981
1952 0.1452570489761627
1953 0.146511605187716
1954 0.1485299722354529
1955 0.1509379660592644
1956 0.1509182632658606
1957 0.1483656970326433
1958 0.1490757582843411
1959 0.1533420211243659
1960 0.1575065437207047
1961 0.1562971933631604
1962 0.1532265882031956
1963 0.1514041881401365
1964 0.1524928159793608
1965 0.1577131714847919
1966 0.1637474476586087
1967 0.170599484554095
1968 0.1788977820738699
1969 0.1898184665898872
1970 0.2005564635975399
1971 0.2109832049561898
1972 0.2199262368069074
1973 0.2290062304510466
1974 0.2413946392985829
1975 0.2567275622469536
1976 0.2710680971267721
1977 0.2838719032848452
1978 0.2982203238048203
1979 0.3131712803487467
1980 0.3286248631218332
1981 0.3465816359696473
1982 0.3633579007412939
1983 0.3825117453696686
1984 0.4046657547008425
1985 0.4245866843330577
1986 0.4441476103040758
1987 0.4621593249078573
1988 0.4794654790184104
1989 0.4988853315767396
1990 0.518406130424007
1991 0.5309304666025493
1992 0.5488205934871094
1993 0.5751037475142943
1994 0.5951844950905376
1995 0.6163320461765643
1996 0.6434265565893335
1997 0.6611142312195353
1998 0.6719115600926915
1999 0.6959740101457645
2000 0.7314823290782962
2001 0.7663129202781825
2002 0.7907775189780304
2003 0.8062538799287674
2004 0.8240251032533296
2005 0.8439023551832203
2006 0.861588949475346
2007 0.8818268682379387
2008 0.9086117699139646
2009 0.9387121485844664
2010 0.9666014649081316
2011 0.9943854429068624
2012 1.0203753387054222
2013 1.046463804451783
2014 1.0729344751761238
2015 1.1033352235808844
2016 1.1392786496415157
2017 1.1743223945129886
2018 1.2088581312338396
2019 1.2432955042858258
2020 1.2779264203094465
2021 1.3125280794596783
2022 1.3469877004159403
2023 1.3815649624163977
2024 1.4163754127389334
2025 1.451486567612141
2026 1.486942908681035
2027 1.5227754902316868
2028 1.559006413694005
2029 1.5956513807391768
2030 1.632721385890437
2031 1.6702966838871247
2032 1.7083959492783647
2033 1.7469309891472955
2034 1.7858376041387996
2035 1.825075225236353
2036 1.86461775111678
2037 1.904448462540766
2038 1.9445569187377043
2039 1.9849369344289405
2040 2.025585210591342
2041 2.066485224867041
2042 2.107616719105596
2043 2.1489689267058685
2044 2.1905357581418503
2045 2.232316188519456
2046 2.2743111900529933
2047 2.3165224690432518
2048 2.35895190848325
2049 2.4016013093649224
2050 2.444472271614526
2051 2.487666179206589
2052 2.531241186488061
2053 2.575140050651825
2054 2.6193206719759825
2055 2.663753400717539
2056 2.708416882933085
2057 2.753295566770989
2058 2.7983780554623
2059 2.843655957782208
2060 2.88912306371246
2061 2.934820063208364
2062 2.980773780149658
2063 3.0269637652462764
2064 3.0733758987198763
2065 3.120000103978144
2066 3.166828774368032
2067 3.213855971177203
2068 3.261076945589209
2069 3.308487821117688
2070 3.356085369530514
2071 3.403880828887412
2072 3.4518816534342456
2073 3.5000814065502786
2074 3.5484757633250457
2075 3.597061406002368
2076 3.645835442537929
2077 3.694795208879344
2078 3.743938196038704
2079 3.7932620185955295
2080 3.8427643975868673
2081 3.892438967330359
2082 3.942282101741002
2083 3.992298152343156
2084 4.04249183237196
2085 4.092865782070529
2086 4.143421565417438
2087 4.194160094782319
2088 4.245081837848248
2089 4.296186934761772
2090 4.347475272217855
2091 4.39901538320314
2092 4.450849472464613
2093 4.502948610007572
2094 4.555296983211438
2095 4.607883637149693
2096 4.660700168139141
2097 4.713739757356919
2098 4.766996681925326
2099 4.820466021175879
2100 4.874143457869397
2101 4.927961390032412
2102 4.981775188625362
2103 5.03539819389379
2104 5.0886516221481095
2105 5.141410876309912
2106 5.1935955616475145
2107 5.245158578702451
2108 5.296076967889803
2109 5.34634480705791
2110 5.395967886297464
2111 5.395967886297464
2112 5.395967886297464
