1750 274.96421882679266
1751 274.97802920882066
1752 275.0051899100427
1753 275.0315908710812
1754 275.0574790753985
1755 275.0829953408411
1756 275.1082335134635
1757 275.1333024361862
1758 275.158255359376
1759 275.1831029541095
1760 275.2078948803604
1761 275.23267366367884
1762 275.25753273119955
1763 275.2825003140512
1764 275.3075504656432
1765 275.3327203269191
1766 275.3580406735226
1767 275.3836102025727
1768 275.4094427179932
1769 275.43548173293635
1770 275.4617548074115
1771 275.4882862935101
1772 275.51517574156685
1773 275.5424324085183
1774 275.569991495784
1775 275.5978750393534
1776 275.6261003541754
1777 275.65476727186945
1778 275.6838804800379
1779 275.7133661500238
1780 275.7432464919656
1781 275.77353904589427
1782 275.80436175011164
1783 275.8357142830456
1784 275.867500590435
1785 275.8997463568039
1786 275.9324699555031
1787 275.9658158348949
1788 275.9997772473145
1789 276.03422389701296
1790 276.06918069020213
1791 276.10466876750434
1792 276.140835896908
1793 276.17771688916184
1794 276.21518245180124
1795 276.2532125305888
1796 276.2918270887981
1797 276.3311125603745
1798 276.3711426784587
1799 276.4119114497081
1800 276.4534367110805
1801 276.4957701651897
1802 276.5388247460672
1803 276.58300838613087
1804 276.62801020615075
1805 276.67353957150084
1806 276.7199018531303
1807 276.7670209153598
1808 276.81510627612914
1809 276.8639114010885
1810 276.91333060186633
1811 276.96368775800653
1812 277.0151030481126
1813 277.0675173739347
1814 277.1208257519976
1815 277.1750248793474
1816 277.2302070271713
1817 277.2866028768932
1818 277.3442382059797
1819 277.4028523069472
1820 277.46237631912504
1821 277.5228816893022
1822 277.5844290212097
1823 277.6471139916288
1824 277.7110908047228
1825 277.77633396329696
1826 277.8428146339659
1827 277.91048499306066
1828 277.979486121398
1829 278.0498268462308
1830 278.1212177330776
1831 278.1949990284707
1832 278.2707912999685
1833 278.3472593486302
1834 278.4249718364924
1835 278.5040586754685
1836 278.58454155230635
1837 278.66717528485617
1838 278.7517646039437
1839 278.8376805836329
1840 278.925222334001
1841 279.0146686051104
1842 279.1060147744678
1843 279.1992266008341
1844 279.2942779247358
1845 279.391283041584
1846 279.4909164434773
1847 279.5926759661075
1848 279.69645335303267
1849 279.80213219262083
1850 279.9094429726238
1851 280.0190853616366
1852 280.1271216886028
1853 280.2438495098557
1854 280.3697327385837
1855 280.4933753000275
1856 280.6153155087029
1857 280.7366852760191
1858 280.85946120988115
1859 280.9824995971952
1860 281.10725248782137
1861 281.2349772674189
1862 281.3661075554826
1863 281.4854523616211
1864 281.59302495761364
1865 281.7041699911068
1866 281.8178480814742
1867 281.9326819405045
1868 282.0483740020385
1869 282.1643631659774
1870 282.2806285518128
1871 282.3973581251564
1872 282.5193188464796
1873 282.6664545240688
1874 282.83361058399805
1875 282.997655909562
1876 283.160692986853
1877 283.3263088349103
1878 283.4925682669846
1879 283.6592598917684
1880 283.8284908250405
1881 284.0052624867404
1882 284.1938275436712
1883 284.3785000881446
1884 284.55603434130506
1885 284.7366464994326
1886 284.9169984640226
1887 285.0972223994038
1888 285.2784621665609
1889 285.46542079347023
1890 285.6546811879119
1891 285.8452106401343
1892 286.0396909763064
1893 286.2366682611453
1894 286.43279173465567
1895 286.6311028097352
1896 286.8378212749762
1897 287.0488549265571
1898 287.2630377104119
1899 287.4824191556151
1900 287.71079123690566
1901 287.9479834798008
1902 288.20241503181444
1903 288.4706481017466
1904 288.7507045112223
1905 289.0458772168232
1906 289.3527794322907
1907 289.67708040530346
1908 290.0235002461932
1909 290.37426305562366
1910 290.71860388703044
1911 291.07096922180256
1912 291.4147720902763
1913 291.7437156203294
1914 292.07742834063896
1915 292.3953873755695
1916 292.6875509489949
1917 292.98955793468326
1918 293.3098656076219
1919 293.6305176400252
1920 293.92372775656963
1921 294.2217126487885
1922 294.5312992565701
1923 294.8332179430108
1924 295.1679642383045
1925 295.5250283743664
1926 295.87994834949706
1927 296.2297131779157
1928 296.6022115290235
1929 296.9977718576447
1930 297.407505337812
1931 297.8282016449187
1932 298.2176713780489
1933 298.54450600666434
1934 298.8458108470247
1935 299.17526075288697
1936 299.52736638052403
1937 299.9073096867796
1938 300.31378976428255
1939 300.7077548665811
1940 301.0959048121064
1941 301.5124446963244
1942 301.9401242287292
1943 302.3650974769573
1944 302.79583706781483
1945 303.2256975839663
1946 303.60400884850304
1947 303.9827707646548
1948 304.44314215043977
1949 304.951297538676
1950 305.4603163202901
1951 305.99383470114765
1952 306.626078524836
1953 307.3175513522942
1954 308.0046075911287
1955 308.702984338579
1956 309.4523550896147
1957 310.2707545254633
1958 311.13013991270657
1959 312.013976557191
1960 312.91519558787326
1961 313.831402604152
1962 314.7660099621845
1963 315.71730482932503
1964 316.7030353620747
1965 317.7305062868153
1966 318.7987095076098
1967 319.9091859275492
1968 321.0584159071806
1969 322.24566446491264
1970 323.482422284748
1971 324.7858046098952
1972 326.11703639258485
1973 327.45055562227253
1974 328.83407016849003
1975 330.22753721592983
1976 331.57794420137213
1977 332.9675098525248
1978 334.43590438420244
1979 335.9496154284556
1980 337.48664978349973
1981 338.99519093254224
1982 340.4400646555738
1983 341.8389737530188
1984 343.2582249731397
1985 344.7406410233947
1986 346.25981352480784
1987 347.8071853756764
1988 349.3918521747038
1989 351.0239307278081
1990 352.6907012407307
1991 354.3271396819886
1992 355.9626329652759
1993 357.6236821584267
1994 359.24836056040203
1995 360.8439141847727
1996 362.4589757585061
1997 364.1157298253741
1998 365.9510721684698
1999 367.7818909600061
2000 369.4126141097876
2001 371.03890923420863
2002 372.6563152100339
2003 374.2882879193201
2004 376.0018983398109
2005 377.8459219051581
2006 379.8315020006192
2007 381.9054127860428
2008 384.0505452247187
2009 386.1429071139824
2010 388.1421052376135
2011 390.23110060952007
2012 392.4806365011357
2013 394.8020453801469
2014 397.17445965244167
2015 399.609897118071
2016 402.0321086357024
2017 404.4076410607328
2018 406.7834294728152
2019 409.1606420561884
2020 411.5401153628864
2021 413.9225047022665
2022 416.2698444926716
2023 418.54782219839154
2024 420.7629948972425
2025 422.91976274853215
2026 425.0212027228546
2027 427.0695734602401
2028 429.0666170859515
2029 431.0137408762839
2030 432.91212769935953
2031 434.76280403312586
2032 436.5475234193312
2033 438.2497108888638
2034 439.8730611203679
2035 441.4202649790093
2036 442.8933617680112
2037 444.2939616566778
2038 445.6233854512857
2039 446.8827534727585
2040 448.0730428198845
2041 449.1951248341419
2042 450.2477537727353
2043 451.2296709061477
2044 452.1416654057903
2045 452.98450323725376
2046 453.7589235837371
2047 454.4656357847789
2048 455.1053178486076
2049 455.6786163586417
2050 456.1861473496559
2051 456.6284977828726
2052 457.01298172135546
2053 457.3462846200353
2054 457.6278896325546
2055 457.8575578329338
2056 458.0352322937172
2057 458.1609736445713
2058 458.2349175273046
2059 458.25724659300965
2060 458.228172152917
2061 458.1479222378317
2062 458.0251439107983
2063 457.8677207586593
2064 457.6745753999632
2065 457.4449942141976
2066 457.17851343829534
2067 456.8748408757537
2068 456.5338026542283
2069 456.1553069615191
2070 455.7393193081498
2071 455.285845629004
2072 454.784501457544
2073 454.2258200887731
2074 453.6114255900709
2075 452.9425449693336
2076 452.2201294496863
2077 451.4449390135389
2078 450.6176008834344
2079 449.7386500528733
2080 448.8085574406404
2081 447.8277495005569
2082 446.8128309604113
2083 445.7789910628899
2084 444.72416775443855
2085 443.64691287398114
2086 442.5462092796706
2087 441.4213428461756
2088 440.2718132191631
2089 439.0972715233669
2090 437.8974768434474
2091 436.6722657949472
2092 435.4511501747962
2093 434.2611185970792
2094 433.09767307919134
2095 431.9574748946461
2096 430.8380053254153
2097 429.7373274347528
2098 428.6539187890226
2099 427.5865539000191
2100 426.53422154078027
2101 425.4960665336379
2102 424.47628871718393
2103 423.47874393837446
2104 422.5020947439781
2105 421.5452446726787
2106 420.6072726913535
2107 419.6873868598293
2108 418.7848915062348
2109 417.8991639243724
2110 417.0296377808728
2111 417.0296377808728
2112 417.0296377808728
