1750 -0.0220315741733392
1751 -0.0241413146031526
1752 -0.0281987580477608
1753 -0.032116998896001
1754 -0.0359156804163798
1755 -0.0388067542369889
1756 -0.0405407051998379
1757 -0.0420076092310467
1758 -0.0431495718419682
1759 -0.0439971902343111
1760 -0.0451365007707416
1761 -0.0459793276511993
1762 -0.0462700145360872
1763 -0.0463592365036995
1764 -0.0455212780999985
1765 -0.0450102110994759
1766 -0.0448722744084597
1767 -0.0443047713470146
1768 -0.0444779261130142
1769 -0.0448935434919442
1770 -0.0449395554172141
1771 -0.0444374828988212
1772 -0.0432973596395595
1773 -0.0422563104050692
1774 -0.0422585875108445
1775 -0.04237841616062
1776 -0.0419010660515465
1777 -0.0414807589447152
1778 -0.0413526955645643
1779 -0.0412300840547055
1780 -0.041446780988941
1781 -0.0416041501110461
1782 -0.041385281518041
1783 -0.0411220297645968
1784 -0.0401448038968795
1785 -0.0395252731836471
1786 -0.0392512458218404
1787 -0.0388478839264739
1788 -0.0392649974475921
1789 -0.0397950509726771
1790 -0.0399375383440909
1791 -0.0395604654106872
1792 -0.0385878734805078
1793 -0.0377256904432004
1794 -0.0378823755059578
1795 -0.0381629386805543
1796 -0.0378633041484023
1797 -0.0375776122922187
1798 -0.0374788753433657
1799 -0.037533261899707
1800 -0.0378650236907271
1801 -0.0379350189736709
1802 -0.0377645122097004
1803 -0.0374440641459476
1804 -0.036417325572819
1805 -0.0357743312021704
1806 -0.0354197623830688
1807 -0.034908877903148
1808 -0.0350478567172463
1809 -0.0353074670138096
1810 -0.0352697361919844
1811 -0.0347492934448635
1812 -0.0335852186673199
1813 -0.0325435415491891
1814 -0.0325241468681538
1815 -0.0326114136280328
1816 -0.0322633840254837
1817 -0.0318512550412674
1818 -0.0315728472097248
1819 -0.0313957294061712
1820 -0.0314894193097167
1821 -0.0315015900644892
1822 -0.0312680180630395
1823 -0.0307946381759469
1824 -0.0296739187311537
1825 -0.0289269232995823
1826 -0.028404006721022
1827 -0.0277325548853285
1828 -0.027839163006825
1829 -0.0281554104923586
1830 -0.0282353649175818
1831 -0.027820662832602
1832 -0.026772917075142
1833 -0.0259380761078035
1834 -0.0260523437268503
1835 -0.0261737767170037
1836 -0.0260288316444193
1837 -0.0259806954701613
1838 -0.0260030085616028
1839 -0.0261225980065782
1840 -0.0263578172972675
1841 -0.0265804076977325
1842 -0.0266601333827547
1843 -0.0262823840043522
1844 -0.0251335568801382
1845 -0.0243614263585082
1846 -0.023715644319379
1847 -0.0229744895123452
1848 -0.0230219037433894
1849 -0.0231701202310953
1850 -0.0231323629670916
1851 -0.0225586083457175
1852 -0.0212027556097513
1853 -0.0199222102351933
1854 -0.019617499059742
1855 -0.0192681129486541
1856 -0.0184363265056698
1857 -0.0177312922606834
1858 -0.0170557738902763
1859 -0.0164797163506375
1860 -0.0161034460432723
1861 -0.015402784150818
1862 -0.0143506782991001
1863 -0.012959299557914
1864 -0.0110169411851695
1865 -0.0096567026365216
1866 -0.0084759595455593
1867 -0.0072211754120271
1868 -0.0066701587581016
1869 -0.0059974131954802
1870 -0.00521931135407
1871 -0.0041374137581256
1872 -0.0023972370685476
1873 -0.0012504670207944
1874 -0.0008510736360473
1875 0.0001390119960139
1876 0.0012928126281731
1877 0.002225921566309
1878 0.0033600238826613
1879 0.0040353120438243
1880 0.0042093417880328
1881 0.0047300994786187
1882 0.0056094503709491
1883 0.0068840770358679
1884 0.0084453165867074
1885 0.0096953917668025
1886 0.0111519206980511
1887 0.0126608655362851
1888 0.0131504129886943
1889 0.0136004921578235
1890 0.0141677395597641
1891 0.0149941978072768
1892 0.0167004840950176
1893 0.0185417153639071
1894 0.0195677250149946
1895 0.0203375844498032
1896 0.0214592479539365
1897 0.0223479118673339
1898 0.023041886411555
1899 0.0228316201261002
1900 0.0219341566204625
1901 0.021797095948724
1902 0.0224326942814115
1903 0.0231286490028712
1904 0.0234744207472911
1905 0.0235193783071973
1906 0.0237078607984882
1907 0.0230309515701734
1908 0.0226871019780278
1909 0.0236506011149667
1910 0.0241417423316188
1911 0.025290051157045
1912 0.0273764284041129
1913 0.0284523869933139
1914 0.0298089599655441
1915 0.0329243074733551
1916 0.035580577627844
1917 0.0368709123245707
1918 0.0383115690178743
1919 0.0428477251504742
1920 0.0481476325742267
1921 0.0550079574951009
1922 0.0635940646752913
1923 0.067949552121085
1924 0.0701449582524761
1925 0.0731224005278928
1926 0.0760120012143563
1927 0.0778895164119361
1928 0.0793272872948923
1929 0.079978254515322
1930 0.0811043580571693
1931 0.0868555473907563
1932 0.0968278992265461
1933 0.1060561757723785
1934 0.1112403384553979
1935 0.1132756237203776
1936 0.1132864702525883
1937 0.1118420134333875
1938 0.1127840916979163
1939 0.1146902026638618
1940 0.1141751102028598
1941 0.1128575952112409
1942 0.1112636773510166
1943 0.1104092392029512
1944 0.1116300065549486
1945 0.1172423327777297
1946 0.1260814210730667
1947 0.1319689342246955
1948 0.1343654926511427
1949 0.1365360496849552
1950 0.1364208336962148
1951 0.1354886122463368
1952 0.1359656485626467
1953 0.1366733013601584
1954 0.1387985294090539
1955 0.1406908583292743
1956 0.1400625270105714
1957 0.1378545190746889
1958 0.1383415021503264
1959 0.141228633237217
1960 0.1437041996010035
1961 0.1393522072247024
1962 0.1317675947980493
1963 0.126151667897842
1964 0.1225828976754013
1965 0.1218524178825368
1966 0.1223768138629067
1967 0.1250981606151179
1968 0.1294613057721116
1969 0.1353646680816213
1970 0.1407264354744724
1971 0.1464591847332912
1972 0.1519878512088006
1973 0.1566285469094067
1974 0.1640396562784402
1975 0.1756947844935556
1976 0.1865082280399923
1977 0.195740826543783
1978 0.2072543779095254
1979 0.2195245830867199
1980 0.2316375508089397
1981 0.2464330033110636
1982 0.2619620151520195
1983 0.2799459497774926
1984 0.2998909236573348
1985 0.3178213584511785
1986 0.3355464384601618
1987 0.3516381148950735
1988 0.3670440470696819
1989 0.384111255927156
1990 0.4011691038826688
1991 0.4128148071384718
1992 0.4296115624395957
1993 0.4541791302093049
1994 0.4743312382284372
1995 0.4963794185940302
1996 0.5234900517614479
1997 0.5413414830795372
1998 0.5529175541013441
1999 0.5770785410424784
2000 0.6107798894659681
2001 0.6428447722370325
2002 0.6658126335759508
2003 0.6800474790410658
2004 0.6962146100571964
2005 0.7145062717756878
2006 0.7301060342549813
2007 0.749210858554276
2008 0.7754659996484423
2009 0.8053444360317835
2010 0.8344666753622182
2011 0.8627920284143741
2012 0.8880139980910279
2013 0.9131006328978266
2014 0.9380303101898751
2015 0.969249224351807
2016 1.0080452875169594
2017 1.0455596704057215
2018 1.0821406552816908
2019 1.1180722500409386
2020 1.1535594450926527
2021 1.1871193225545595
2022 1.2177817294645294
2023 1.246285541496955
2024 1.2731790399274188
2025 1.2988691759020676
2026 1.3236587272776033
2027 1.3477736380136196
2028 1.37138311216509
2029 1.3946143867593914
2030 1.4175636014378337
2031 1.4409100005220452
2032 1.4650711204906248
2033 1.489772401830743
2034 1.5148070246046783
2035 1.5400293233078657
2036 1.5653382925901849
2037 1.5906651262581908
2038 1.6159640642951063
2039 1.6412057457140998
2040 1.666372405744349
2041 1.6915637876596954
2042 1.7168395579084053
2043 1.7421347687964182
2044 1.7673991081248557
2045 1.7925996275759866
2046 1.8177156551068785
2047 1.8427350833749532
2048 1.867651713514976
2049 1.8924633703168208
2050 1.9171705718371184
2051 1.9415266076056248
2052 1.9653785866718585
2053 1.988826665553676
2054 2.011928587344872
2055 2.034726803272661
2056 2.0572541470350494
2057 2.07953666056146
2058 2.1015952865047027
2059 2.12344702460693
2060 2.1451057825738364
2061 2.1664119575895504
2062 2.1872613040463342
2063 2.2077257713425054
2064 2.227856783976032
2065 2.247693758259872
2066 2.2672661112719794
2067 2.2865954784169027
2068 2.3056976079361946
2069 2.324583854708905
2070 2.343262321370444
2071 2.3617696642746804
2072 2.38012550131024
2073 2.39829241743214
2074 2.416223750346668
2075 2.4338844213173507
2076 2.451249414881495
2077 2.468301420704655
2078 2.4850287398102857
2079 2.5014236581228007
2080 2.517481246156731
2081 2.533246547258787
2082 2.5487313755065824
2083 2.563890334783045
2084 2.5786988501269503
2085 2.593144232789673
2086 2.6072188014354727
2087 2.6209172571024304
2088 2.6342355730110385
2089 2.6471704641821034
2090 2.659719102832607
2091 2.6717520091832805
2092 2.68319336112911
2093 2.6941247863458115
2094 2.7046196430235323
2095 2.7147303834491163
2096 2.724493972311907
2097 2.7339361099041235
2098 2.7430743834413445
2099 2.7519205766813184
2100 2.7604823472075317
2101 2.7687964974784043
2102 2.7769303615272074
2103 2.784949999775545
2104 2.792902103642704
2105 2.8008112870169493
2106 2.808691303886576
2107 2.816549909604481
2108 2.824391275815301
2109 2.832217349324939
2110 2.8400286866883624
2111 2.8400286866883624
2112 2.8400286866883624
