1750 275.6674442535541
1751 275.6798233193719
1752 275.7046956060751
1753 275.7295092781956
1754 275.7539306650689
1755 275.7779345701502
1756 275.8015797240954
1757 275.82497724805853
1758 275.8481942987353
1759 275.8712590243806
1760 275.89423539618525
1761 275.9171774139612
1762 275.9401855555374
1763 275.96329251769833
1764 275.986478101614
1765 276.00978225656405
1766 276.03323708210246
1767 276.0569411723955
1768 276.0809070355962
1769 276.10508094787014
1770 276.12949258684006
1771 276.1541639408594
1772 276.17918816681487
1773 276.20456925213625
1774 276.23024273726475
1775 276.2562330590539
1776 276.28255756553455
1777 276.3093094315564
1778 276.33648849087587
1779 276.36402300213143
1780 276.3919354241997
1781 276.4202414400298
1782 276.44905379228044
1783 276.4783671790523
1784 276.50808631963633
1785 276.5382355427635
1786 276.56883093574305
1787 276.6000129801941
1788 276.63177165215296
1789 276.66398189746485
1790 276.6966719358214
1791 276.72985932875184
1792 276.7636828835323
1793 276.7981697157776
1794 276.83319266107435
1795 276.86873871671474
1796 276.9048305788612
1797 276.94154849070884
1798 276.9789595594748
1799 277.01705742334366
1800 277.05586037864504
1801 277.0954187484554
1802 277.1356464641894
1803 277.17693812248325
1804 277.2189827338468
1805 277.261501786189
1806 277.3047971560001
1807 277.3487916940949
1808 277.3936892359605
1809 277.43924893317165
1810 277.4853760586598
1811 277.5323851303278
1812 277.58038229896493
1813 277.6293032503438
1814 277.67904670589525
1815 277.7296182299603
1816 277.78111222577485
1817 277.83374727099914
1818 277.88754069515954
1819 277.9422402957531
1820 277.9977861701677
1821 278.0542503393037
1822 278.1116901813172
1823 278.1701949121351
1824 278.2299094062801
1825 278.29080224132093
1826 278.3528466362383
1827 278.4160013973652
1828 278.4804046325587
1829 278.5460659671302
1830 278.6127094493663
1831 278.6816382446125
1832 278.7524526969676
1833 278.82385803755045
1834 278.8964328749336
1835 278.9703015969137
1836 279.0454857849025
1837 279.1227138468794
1838 279.2017812574117
1839 279.282084422729
1840 279.3639287993245
1841 279.4475799994148
1842 279.5330268811441
1843 279.62023475175585
1844 279.70917395113946
1845 279.7999470224294
1846 279.8932060258465
1847 279.98845604386
1848 280.08560215223
1849 280.18454208233976
1850 280.285023821842
1851 280.3877289510258
1852 280.48881495800833
1853 280.59834418916785
1854 280.71656371215624
1855 280.8324019248631
1856 280.9466259770503
1857 281.0603309275527
1858 281.17539375202807
1859 281.2906607815448
1860 281.4075691298891
1861 281.5273266566771
1862 281.65033543124343
1863 281.76182753848764
1864 281.8621121155227
1865 281.9661127268666
1866 282.0725157525086
1867 282.1800006031098
1868 282.28833647127294
1869 282.39701041344114
1870 282.5060212584851
1871 282.61554340600634
1872 282.7301960293957
1873 282.8692620866624
1874 283.02733786212434
1875 283.1820200296463
1876 283.33580540957405
1877 283.49213513350765
1878 283.6490048584745
1879 283.80621360543586
1880 283.96582122507965
1881 284.13268049007
1882 284.3108518276888
1883 284.48498618925345
1884 284.6522223208042
1885 284.8225919792081
1886 284.99264835918143
1887 285.1625644910331
1888 285.333471585567
1889 285.50997030436105
1890 285.6886768882554
1891 285.86864933490426
1892 286.0525325846558
1893 286.2388462365529
1894 286.424322818291
1895 286.6120019184804
1896 286.8079206683269
1897 287.00797282700523
1898 287.2110925875795
1899 287.4193293970129
1900 287.6363774756057
1901 287.8620312586488
1902 288.1045013853881
1903 288.3602492175718
1904 288.62738519267543
1905 288.9091843859831
1906 289.2022935152191
1907 289.5123051537635
1908 289.8437777980711
1909 290.17924800318843
1910 290.50841139450745
1911 290.8455913496334
1912 291.1743272213077
1913 291.48865866842266
1914 291.8079772122846
1915 292.1118979269665
1916 292.3907925707347
1917 292.679784127563
1918 292.98675212155206
1919 293.29398610943343
1920 293.5743992440789
1921 293.859925345622
1922 294.1567529263561
1923 294.4457257991361
1924 294.767040380488
1925 295.11011101019494
1926 295.45105830732746
1927 295.7872703511354
1928 296.14624131488176
1929 296.5278966460373
1930 296.92347256594104
1931 297.3299203287678
1932 297.7055571317589
1933 298.01971593266927
1934 298.3092980486758
1935 298.6268508654416
1936 298.96648214646814
1937 299.33355456202383
1938 299.72696876042755
1939 300.1083085819985
1940 300.4845421237434
1941 300.88937961848865
1942 301.3054995319213
1943 301.7194361039515
1944 302.13966918477644
1945 302.55937917573755
1946 302.9283013275673
1947 303.2979858667953
1948 303.7479991841234
1949 304.2443392290816
1950 304.74125471866125
1951 305.2628941635712
1952 305.8826040169376
1953 306.5604780108249
1954 307.2339090057544
1955 307.919186750951
1956 308.6554654530284
1957 309.4603952290614
1958 310.3062852157314
1959 311.1770216775278
1960 312.06562533698514
1961 312.96987405153897
1962 313.8938325196149
1963 314.83649483131626
1964 315.8154265442085
1965 316.83736015737657
1966 317.9010127486279
1967 319.00784735396013
1968 320.15424374029885
1969 321.3393295423047
1970 322.57461916183394
1971 323.87741462266
1972 325.2091213160773
1973 326.54443347200066
1974 327.9314134277328
1975 329.32978060814804
1976 330.6860192313848
1977 332.0824650140204
1978 333.55897205759834
1979 335.0818274902513
1980 336.628951645298
1981 338.1486392191373
1982 339.6055885088888
1983 341.0172285614488
1984 342.4497601873954
1985 343.94581844867287
1986 345.4791199121024
1987 347.0415919075856
1988 348.6427423709099
1989 350.293095243225
1990 351.97985190033273
1991 353.6375856065281
1992 355.2965438366395
1993 356.98324828864247
1994 358.6340333948365
1995 360.2561889629628
1996 361.89917418015455
1997 363.5848174005249
1998 365.4519871991959
1999 367.3178898003525
2000 368.98444019340513
2001 370.6466261299722
2002 372.29980026018046
2003 373.9693991563025
2004 375.7251952991054
2005 377.61750545539167
2006 379.6578204972156
2007 381.79299421896735
2008 384.0055500248988
2009 386.16840716038587
2010 388.2387962613057
2011 390.40124569373415
2012 392.7283298529644
2013 395.13169368849856
2014 397.5908704763388
2015 400.1182686063042
2016 402.635392508554
2017 405.1039722977757
2018 407.5694679825097
2019 410.03452779371423
2020 412.501020459321
2021 414.9703316440725
2022 417.3340175964215
2023 419.4941415454185
2024 421.4691351295643
2025 423.2712988777028
2026 424.909104688343
2027 426.3885994794738
2028 427.7142678525929
2029 428.8895675231869
2030 429.9172656939736
2031 430.7996534793749
2032 431.566127523455
2033 432.24337170643537
2034 432.8287344993886
2035 433.3206771269858
2036 433.7183726891046
2037 434.0214508694985
2038 434.2298345778087
2039 434.3436351452437
2040 434.3630850320915
2041 434.2884946864264
2042 434.1444593774266
2043 433.9535653996465
2044 433.7127118207807
2045 433.4197678204646
2046 433.0732684141535
2047 432.672209184803
2048 432.2159070580447
2049 431.7039054337429
2050 431.1359092579871
2051 430.5117403990584
2052 429.8610674514248
2053 429.2112265566961
2054 428.5580624208681
2055 427.89851128213866
2056 427.2302862546745
2057 426.5516570266419
2058 425.861294887852
2059 425.1581632516416
2060 424.4414399905359
2061 423.71046210337977
2062 422.9685233308512
2063 422.218708061377
2064 421.46010691234505
2065 420.69199237663406
2066 419.9137728737528
2067 419.1249595621082
2068 418.325142260746
2069 417.51397189596366
2070 416.69114763482673
2071 415.8564073952196
2072 415.0102515709038
2073 414.1531505027903
2074 413.2848230306977
2075 412.4050304324454
2076 411.5135678858577
2077 410.6102581235352
2078 409.6949466847043
2079 408.7674983340012
2080 407.8277943356542
2081 406.8757303570516
2082 405.9086151658553
2083 404.9239692501445
2084 403.9220774391552
2085 402.9031542388833
2086 401.867364124012
2087 400.814836367934
2088 399.745675877113
2089 398.6599711014504
2090 397.5577998042312
2091 396.43923326486913
2092 395.3039204086356
2093 394.1515416072663
2094 392.9822217907274
2095 391.7960745352712
2096 390.59320624926977
2097 389.37371923352697
2098 388.1377139145327
2099 386.88529047036246
2100 385.6165500107636
2101 384.33159543015
2102 383.0537141414586
2103 381.8043548273869
2104 380.5803643059131
2105 379.3793204973738
2106 378.19934226564567
2107 377.0389493857258
2108 375.8969593651225
2109 374.77241137771415
2110 373.6645101639648
2111 373.6645101639648
2112 373.6645101639648
