1750 -0.0395637450407406
1751 -0.0405372041639858
1752 -0.0423710052634645
1753 -0.0440137912554986
1754 -0.0454218528381502
1755 -0.0463732169431763
1756 -0.0468825039493038
1757 -0.0472051382960333
1758 -0.0473573896985058
1759 -0.0474629300395234
1760 -0.0477101594556271
1761 -0.0478496585377202
1762 -0.0478161541011212
1763 -0.0477031456271762
1764 -0.0472554269469069
1765 -0.046877578374307
1766 -0.0465867876296294
1767 -0.0461600056770143
1768 -0.0459252763835264
1769 -0.0457855271182612
1770 -0.0455776785412397
1771 -0.0452213894729289
1772 -0.0446819780242778
1773 -0.044174535078483
1774 -0.0439794654574608
1775 -0.0437981252793903
1776 -0.0434733136095979
1777 -0.0431493386587451
1778 -0.0428693293921213
1779 -0.0426572944078517
1780 -0.0426013251980983
1781 -0.0424977539008135
1782 -0.0422935120935337
1783 -0.0421034194782375
1784 -0.0416779782807786
1785 -0.0413607769127748
1786 -0.0411540770846071
1787 -0.0408995493201674
1788 -0.0408383676105726
1789 -0.0408069051963354
1790 -0.0406813194909595
1791 -0.0404113514639311
1792 -0.0399785841406947
1793 -0.0395941428284727
1794 -0.0394989454922642
1795 -0.0393924320682914
1796 -0.0391491326787682
1797 -0.0388851959750956
1798 -0.0385968440213365
1799 -0.038379184869434
1800 -0.0382834362237085
1801 -0.0380814009797247
1802 -0.0378212578094992
1803 -0.0375390877548763
1804 -0.036998535408684
1805 -0.0365501537194436
1806 -0.0361766893323555
1807 -0.0357316687005226
1808 -0.0354192715615461
1809 -0.0351351592162358
1810 -0.0347845574175422
1811 -0.0342798745384389
1812 -0.0335981931336342
1813 -0.0329710783946724
1814 -0.0326369821284204
1815 -0.0323032751928235
1816 -0.0318756198507262
1817 -0.0314189910078716
1818 -0.0309305672700259
1819 -0.0305023779137349
1820 -0.0302176462477885
1821 -0.0298935375916465
1822 -0.0295211838768258
1823 -0.0291153861251403
1824 -0.0284769869439564
1825 -0.0279430067716516
1826 -0.0274968440689011
1827 -0.0270039677923827
1828 -0.0266994963932721
1829 -0.0264592211151987
1830 -0.0262067978282025
1831 -0.0258401029084423
1832 -0.0253043336740789
1833 -0.0248643541235684
1834 -0.0247134466933276
1835 -0.0245433630448514
1836 -0.0243586227185945
1837 -0.0242265454451512
1838 -0.0240723598436016
1839 -0.023980277638839
1840 -0.0239837517393094
1841 -0.0239342596401801
1842 -0.0238226700880278
1843 -0.0235775271275475
1844 -0.0229837728380755
1845 -0.0224150874512523
1846 -0.0218388449544219
1847 -0.0212050325154219
1848 -0.0208047796954363
1849 -0.0204802886561676
1850 -0.0201689476200392
1851 -0.0197405051896212
1852 -0.0191064906203419
1853 -0.0184683633036746
1854 -0.0180715886752235
1855 -0.0175925564599457
1856 -0.0169634510958235
1857 -0.0163028349145081
1858 -0.0155258920831133
1859 -0.0147875437118715
1860 -0.0141718830245023
1861 -0.0134220691709504
1862 -0.0125019732078996
1863 -0.0114664539991112
1864 -0.0102163537440012
1865 -0.009076507668636
1866 -0.0079534849670951
1867 -0.0067773459701562
1868 -0.0057509195743583
1869 -0.0047216687276573
1870 -0.003726026939548
1871 -0.0027153807511888
1872 -0.0016992086682094
1873 -0.0009681265082919
1874 -0.0003421002953589
1875 0.0005162871129544
1876 0.0013644589479166
1877 0.0021772826459736
1878 0.0031317836750817
1879 0.003922152686374
1880 0.0044074993569643
1881 0.0049831043193557
1882 0.0056851765721016
1883 0.0064367175130116
1884 0.007352429405485
1885 0.0083178988619325
1886 0.0094338605012486
1887 0.0105973158124929
1888 0.0113509045585741
1889 0.0120945783073075
1890 0.01286034221866
1891 0.0135940752603025
1892 0.014615868354685
1893 0.015846943869573
1894 0.0169579372573682
1895 0.0179120489040015
1896 0.0187676034418224
1897 0.0194647812788683
1898 0.0200782047138603
1899 0.0202510388104994
1900 0.0201173825047121
1901 0.0203005311277993
1902 0.0208618021578642
1903 0.0213915436820309
1904 0.0219680227386226
1905 0.0226705648781394
1906 0.0234113716995009
1907 0.0237547041467563
1908 0.024573433928322
1909 0.0261197827638617
1910 0.0274004934941378
1911 0.0289641489006036
1912 0.0307431366142089
1913 0.0318875698613749
1914 0.0335871042052923
1915 0.0363280685841741
1916 0.0384922191972535
1917 0.0398947714740606
1918 0.0416066822790563
1919 0.0454241657844433
1920 0.0496342302990626
1921 0.0545527852883512
1922 0.0601894216897777
1923 0.0633204883457412
1924 0.0651986375439533
1925 0.067360798360406
1926 0.0694480772036741
1927 0.0709091655536575
1928 0.0722201756975736
1929 0.0733396531550041
1930 0.0751927235105301
1931 0.0796487541578849
1932 0.0863149143455813
1933 0.0924537174771701
1934 0.0961762892557782
1935 0.0980567674929046
1936 0.0988157452807808
1937 0.0987304742472126
1938 0.0998401767461717
1939 0.1016699917254392
1940 0.1021043854953623
1941 0.1018821030741713
1942 0.1017893408216988
1943 0.102347634384099
1944 0.1041776488686764
1945 0.1086675774416943
1946 0.1147599089697213
1947 0.1188326242176507
1948 0.1209908755289378
1949 0.1233860728902056
1950 0.1248377530777252
1951 0.1253639988177287
1952 0.1264677501485055
1953 0.1283166363873271
1954 0.131291377100045
1955 0.1341409362201035
1956 0.1359034679515959
1957 0.1374228271905163
1958 0.1401253368535768
1959 0.1434879100090263
1960 0.1465009504569645
1961 0.1462049902659143
1962 0.1446338108796377
1963 0.1451038763327642
1964 0.1470653843450196
1965 0.150385642018154
1966 0.1545817696538387
1967 0.160524976228087
1968 0.1677045959070809
1969 0.1752986182980614
1970 0.1827402008048199
1971 0.19097434969749
1972 0.2000044003730759
1973 0.2084390450573629
1974 0.2177431475985633
1975 0.2292461317604068
1976 0.2404668073923377
1977 0.2510983455659985
1978 0.2631035473475184
1979 0.2756789224225426
1980 0.2882566591502316
1981 0.3022250189108264
1982 0.3171154947646994
1983 0.3325715241363307
1984 0.3479965399028289
1985 0.3625951317374106
1986 0.3771686614081339
1987 0.391292746035264
1988 0.40531146023792
1989 0.4198647573892393
1990 0.4343230933030058
1991 0.4477298552420715
1992 0.4630249002736074
1993 0.4804371693811137
1994 0.4967375212055047
1995 0.513541672883047
1996 0.5312765764390946
1997 0.5460559202403965
1998 0.5592331820435005
1999 0.5764708140089583
2000 0.5959975184487971
2001 0.6137328903209305
2002 0.6281499989535705
2003 0.6393677494306026
2004 0.6502446036369676
2005 0.661069516283822
2006 0.6712097533264337
2007 0.683601487772627
2008 0.6994328664557817
2009 0.7170796264002514
2010 0.7348608274293028
2011 0.7524201642536851
2012 0.7689284494400971
2013 0.7853123757530017
2014 0.80168078995771
2015 0.8221338877878609
2016 0.8461531101794106
2017 0.868890172689866
2018 0.8906244062206577
2019 0.9116107897132696
2020 0.932039543137868
2021 0.9521004036875168
2022 0.9718174323107536
2023 0.9910038115128073
2024 1.0094787978974058
2025 1.027134387071384
2026 1.0439164500315306
2027 1.0598077314816825
2028 1.0748147413213964
2029 1.0889583082197716
2030 1.1022673739175075
2031 1.114362901365186
2032 1.1250700413084895
2033 1.1346907764874494
2034 1.143456175946204
2035 1.1515314945594752
2036 1.159034632854158
2037 1.1660499203557346
2038 1.17263784502561
2039 1.1788420813872205
2040 1.184694503989179
2041 1.1899595270242151
2042 1.1944727506770616
2043 1.1983284756580506
2044 1.201600075883828
2045 1.2043462070732185
2046 1.206611724362959
2047 1.2084303598835957
2048 1.2098273706103824
2049 1.210821695117913
2050 1.2114275476296092
2051 1.2116373065096544
2052 1.2114661939607785
2053 1.2109590456816737
2054 1.2101476316808617
2055 1.209052227513013
2056 1.2076848553306507
2057 1.2060518202194637
2058 1.2041555250342653
2059 1.2019957537160482
2060 1.1995705922580653
2061 1.1968373687346132
2062 1.1937878579767192
2063 1.1904848353570554
2064 1.1869849681958635
2065 1.1833237368139962
2066 1.179522144715854
2067 1.1755915266588617
2068 1.1715369113896588
2069 1.1673592782970654
2070 1.163057060988283
2071 1.1586411860014183
2072 1.1541259901981793
2073 1.1495221431557467
2074 1.1448403852267763
2075 1.1400859102439878
2076 1.1352602331914967
2077 1.130362558303808
2078 1.1253906866406909
2079 1.1203416196416536
2080 1.1152119644358038
2081 1.1100179904544287
2082 1.1047755995762467
2083 1.09948609524644
2084 1.094150579622842
2085 1.0887677766142274
2086 1.0833349703709712
2087 1.0778486316086588
2088 1.0723048350424849
2089 1.0666995316050334
2090 1.0610287162014376
2091 1.05527678792442
2092 1.0494484760180816
2093 1.0435807116672475
2094 1.0377064063009225
2095 1.0318455498429422
2096 1.0260094102523545
2097 1.0202033824149104
2098 1.0144290356777623
2099 1.0086855514767576
2100 1.002970675079223
2101 0.9972571275226096
2102 0.9915474563663984
2103 0.9858848014321564
2104 0.9802992939813738
2105 0.974808461738314
2106 0.9694211924578748
2107 0.9641406010735069
2108 0.958966047860857
2109 0.9538945382342026
2110 0.948921681900414
2111 0.948921681900414
2112 0.948921681900414
