1750 276.1287170936654
1751 276.13948551411585
1752 276.16198658509074
1753 276.18528993568304
1754 276.2081388165221
1755 276.2304426245463
1756 276.252301605466
1757 276.27386528410875
1758 276.2952281888964
1759 276.316438330815
1760 276.33757158200746
1761 276.3586879553972
1762 276.37988877590914
1763 276.4012074201264
1764 276.4226253922137
1765 276.4441815275579
1766 276.4659045443017
1767 276.487885649887
1768 276.5101327735261
1769 276.53259121634187
1770 276.55528669748605
1771 276.5782369149913
1772 276.6015287161153
1773 276.6251625345749
1774 276.6490741971367
1775 276.6732847231567
1776 276.6978073720948
1777 276.7227300611156
1778 276.7480498686237
1779 276.7736962993718
1780 276.7996904085034
1781 276.8260449483436
1782 276.85286671304004
1783 276.8801485908684
1784 276.90779882774905
1785 276.9358423177256
1786 276.9642934644436
1787 276.9932853465029
1788 277.0228056297552
1789 277.05273381692734
1790 277.08309807886553
1791 277.113914873834
1792 277.1453179591836
1793 277.17733208851905
1794 277.2098349140348
1795 277.24281427993435
1796 277.2762909316144
1797 277.3103424668685
1798 277.3450328009591
1799 277.38035496314683
1800 277.41632644987163
1801 277.45299430867664
1802 277.4902750293569
1803 277.52854966493777
1804 277.5675128564148
1805 277.6069037018536
1806 277.64701661676014
1807 277.68777069547366
1808 277.7293637548979
1809 277.77156141943965
1810 277.814276583043
1811 277.85781366479546
1812 277.90227091703656
1813 277.9475871740678
1814 277.9936667151009
1815 278.040513653606
1816 278.0882166389769
1817 278.13698514039413
1818 278.1868330868607
1819 278.23751814523007
1820 278.288986299376
1821 278.34130572444144
1822 278.3945298574075
1823 278.44874499185454
1824 278.5040902145679
1825 278.5605353181249
1826 278.6180556550099
1827 278.6766098800538
1828 278.7363309730346
1829 278.79722447746616
1830 278.85902324071407
1831 278.9229851877081
1832 278.9887053384818
1833 279.054948359916
1834 279.1222911104952
1835 279.190836997857
1836 279.26060332739223
1837 279.3322936213693
1838 279.4057003855047
1839 279.48024754083923
1840 279.55623838546774
1841 279.6339205205072
1842 279.7132786640124
1843 279.794281841795
1844 279.8769043647087
1845 279.9612500237962
1846 280.047946195234
1847 280.1365038306179
1848 280.22684039534374
1849 280.3188554004015
1850 280.4123036530244
1851 280.50784562871786
1852 280.6017737750305
1853 280.70384707813133
1854 280.8141354780142
1855 280.9219762801463
1856 281.0282887995423
1857 281.13409930850275
1858 281.24119289557274
1859 281.3484411689587
1860 281.4572659247541
1861 281.5688157674843
1862 281.6834657719657
1863 281.78698624764223
1864 281.8799252669196
1865 281.9766567426814
1866 282.07567733614457
1867 282.17577067722243
1868 282.2767573460797
1869 282.3781366892684
1870 282.47989714333414
1871 282.5821910467369
1872 282.6894585754184
1873 282.82021516637764
1874 282.9689140910178
1875 283.1140158355478
1876 283.25826611980074
1877 283.4048815685887
1878 283.55183762216006
1879 283.69899192930114
1880 283.84836498651333
1881 284.0046274006641
1882 284.17164550359314
1883 284.3345570943123
1884 284.49086728488874
1885 284.65030725889176
1886 284.8093813387701
1887 284.9683405181
1888 285.1283043103373
1889 285.29370451692085
1890 285.46119608970537
1891 285.62993447117617
1892 285.8024900509616
1893 285.97738594187285
1894 286.15149143202285
1895 286.32779475448564
1896 286.5120716836809
1897 286.70024556342145
1898 286.8913528603152
1899 287.0873873610652
1900 287.2918692013204
1901 287.50451690531975
1902 287.7332906570523
1903 287.9746472310758
1904 288.2268145779244
1905 288.49297762350324
1906 288.7698182657724
1907 289.0627990308897
1908 289.3762282071439
1909 289.69310590038845
1910 290.0037735208794
1911 290.32228865274186
1912 290.6324413940797
1913 290.92875940159337
1914 291.230180384109
1915 291.5166436553528
1916 291.77924657140613
1917 292.0523014641764
1918 292.34286589953075
1919 292.6336462896243
1920 292.8987560211121
1921 293.1697297819705
1922 293.45203346638056
1923 293.7269494179408
1924 294.0337896934254
1925 294.3614806234104
1926 294.6869266397396
1927 295.00797752461966
1928 295.3513709052755
1929 295.7165303493577
1930 296.09491021935776
1931 296.4837276805618
1932 296.8425607168813
1933 297.1422962788853
1934 297.4193468527042
1935 297.72419402496735
1936 298.0501610660656
1937 298.4026068650761
1938 298.7804629128396
1939 299.1463238287493
1940 299.5076410102039
1941 299.89713689342943
1942 300.2972228076539
1943 300.69497364088545
1944 301.0989674174163
1945 301.5025138160265
1946 301.8567209689496
1947 302.21290473158166
1948 302.6480928822643
1949 303.1276349394895
1950 303.60722807967727
1951 304.11128309443376
1952 304.7112397511464
1953 305.3669274036456
1954 306.01760773748566
1955 306.6802970588687
1956 307.39322011864607
1957 308.17298462549684
1958 308.9921027251752
1959 309.8353265421526
1960 310.696270978392
1961 311.57288189266575
1962 312.4688688096025
1963 313.3829016060583
1964 314.33255303934214
1965 315.32469712743085
1966 316.3583029302158
1967 317.43508657780643
1968 318.55177410370806
1969 319.7078685138556
1970 320.9149050376318
1971 322.18987243270846
1972 323.4945838654337
1973 324.80469763906524
1974 326.1680927012141
1975 327.54448363629507
1976 328.88165344919327
1977 330.26189748555686
1978 331.7238062381273
1979 333.2336938693408
1980 334.77031314398727
1981 336.2826812350568
1982 337.7363230968863
1983 339.14903858498496
1984 340.5865392932915
1985 342.090681795765
1986 343.63480473694096
1987 345.21097993443243
1988 346.8288507872137
1989 348.49894429865867
1990 350.2086402969816
1991 351.892776092388
1992 353.5816415988721
1993 355.30183973142783
1994 356.99021675833586
1995 358.6541505810779
1996 360.3428710474562
1997 362.07834407664456
1998 363.9994326201195
1999 365.9221752963992
2000 367.6486004073146
2001 369.3753200889682
2002 371.0973690692124
2003 372.8391626426168
2004 374.6698097151333
2005 376.6398837649433
2006 378.7616508468655
2007 380.9821442933929
2008 383.2843876811544
2009 385.5416481992036
2010 387.7111422001562
2011 389.97837528655066
2012 392.4170700796527
2013 394.9387420980243
2014 397.5225335355783
2015 400.1809406930832
2016 402.8357654145039
2017 405.4486154847803
2018 408.0639680224871
2019 410.68342963816974
2020 413.3083081067
2021 415.93970772471766
2022 418.5468946337492
2023 421.1019322082426
2024 423.6102752520352
2025 426.075483867358
2026 428.4999152874874
2027 430.8728807854772
2028 433.1841994484238
2029 435.436397304094
2030 437.63135350448914
2031 439.77049453310633
2032 441.79113576014765
2033 443.6351598224666
2034 445.31146104047286
2035 446.8264334960724
2036 448.1847478638533
2037 449.4067666564535
2038 450.51079077993313
2039 451.4967760517219
2040 452.3648593695642
2041 453.11528949456033
2042 453.7788738173903
2043 454.38435322863177
2044 454.92843706922406
2045 455.4087797130106
2046 455.8237078422367
2047 456.182143409198
2048 456.49270338227865
2049 456.7536425912699
2050 456.96366457240777
2051 457.1218014158415
2052 457.2423881758282
2053 457.339040804416
2054 457.4097431141943
2055 457.45292090774944
2056 457.4673363513624
2057 457.4571794442838
2058 457.4265144587323
2059 457.37413576858734
2060 457.299082197532
2061 457.2005802970631
2062 457.0780035655911
2063 456.9308371245591
2064 456.7586508495114
2065 456.5610839770055
2066 456.3378317198122
2067 456.0858557393003
2068 455.802308549844
2069 455.48727752318734
2070 455.1408246359101
2071 454.76299337827857
2072 454.3479491846107
2073 453.8901657469539
2074 453.3902364093161
2075 452.8486493323708
2076 452.2658105304495
2077 451.64677958230334
2078 450.996317239077
2079 450.3142224711208
2080 449.60034280538457
2081 448.854566047649
2082 448.0921751082594
2083 447.3276786958938
2084 446.55957990262937
2085 445.7866453508951
2086 445.0078556611894
2087 444.2248236508973
2088 443.43917600814393
2089 442.6500902138423
2090 441.8568770776916
2091 441.0589569548216
2092 440.2596717205863
2093 439.46224309781593
2094 438.6659586754407
2095 437.8702123716497
2096 437.0744864089953
2097 436.27867495970895
2098 435.48271088589775
2099 434.6862219192431
2100 433.8888870103003
2101 433.0904274995215
2102 432.2976049798384
2103 431.51685140888975
2104 430.74731442119446
2105 429.9882630918006
2106 429.239067426294
2107 428.4991814335963
2108 427.7681291727333
2109 427.0454932356763
2110 426.3309052291464
2111 426.3309052291464
2112 426.3309052291464
