1750 -0.0395637450407406
1751 -0.0405372041639858
1752 -0.0423710052634645
1753 -0.0440137912554986
1754 -0.0454218528381502
1755 -0.0463732169431763
1756 -0.0468825039493038
1757 -0.0472051382960333
1758 -0.0473573896985058
1759 -0.0474629300395234
1760 -0.0477101594556271
1761 -0.0478496585377202
1762 -0.0478161541011212
1763 -0.0477031456271762
1764 -0.0472554269469069
1765 -0.046877578374307
1766 -0.0465867876296294
1767 -0.0461600056770143
1768 -0.0459252763835264
1769 -0.0457855271182612
1770 -0.0455776785412397
1771 -0.0452213894729289
1772 -0.0446819780242778
1773 -0.044174535078483
1774 -0.0439794654574608
1775 -0.0437981252793903
1776 -0.0434733136095979
1777 -0.0431493386587451
1778 -0.0428693293921213
1779 -0.0426572944078517
1780 -0.0426013251980983
1781 -0.0424977539008135
1782 -0.0422935120935337
1783 -0.0421034194782375
1784 -0.0416779782807786
1785 -0.0413607769127748
1786 -0.0411540770846071
1787 -0.0408995493201674
1788 -0.0408383676105726
1789 -0.0408069051963354
1790 -0.0406813194909595
1791 -0.0404113514639311
1792 -0.0399785841406947
1793 -0.0395941428284727
1794 -0.0394989454922642
1795 -0.0393924320682914
1796 -0.0391491326787682
1797 -0.0388851959750956
1798 -0.0385968440213365
1799 -0.038379184869434
1800 -0.0382834362237085
1801 -0.0380814009797247
1802 -0.0378212578094992
1803 -0.0375390877548763
1804 -0.036998535408684
1805 -0.0365501537194436
1806 -0.0361766893323555
1807 -0.0357316687005226
1808 -0.0354192715615461
1809 -0.0351351592162358
1810 -0.0347845574175422
1811 -0.0342798745384389
1812 -0.0335981931336342
1813 -0.0329710783946724
1814 -0.0326369821284204
1815 -0.0323032751928235
1816 -0.0318756198507262
1817 -0.0314189910078716
1818 -0.0309305672700259
1819 -0.0305023779137349
1820 -0.0302176462477885
1821 -0.0298935375916465
1822 -0.0295211838768258
1823 -0.0291153861251403
1824 -0.0284769869439564
1825 -0.0279430067716516
1826 -0.0274968440689011
1827 -0.0270039677923827
1828 -0.0266994963932721
1829 -0.0264592211151987
1830 -0.0262067978282025
1831 -0.0258401029084423
1832 -0.0253043336740789
1833 -0.0248643541235684
1834 -0.0247134466933276
1835 -0.0245433630448514
1836 -0.0243586227185945
1837 -0.0242265454451512
1838 -0.0240723598436016
1839 -0.023980277638839
1840 -0.0239837517393094
1841 -0.0239342596401801
1842 -0.0238226700880278
1843 -0.0235775271275475
1844 -0.0229837728380755
1845 -0.0224150874512523
1846 -0.0218388449544219
1847 -0.0212050325154219
1848 -0.0208047796954363
1849 -0.0204802886561676
1850 -0.0201689476200392
1851 -0.0197405051896212
1852 -0.0191064906203419
1853 -0.0184683633036746
1854 -0.0180715886752235
1855 -0.0175925564599457
1856 -0.0169634510958235
1857 -0.0163028349145081
1858 -0.0155258920831133
1859 -0.0147875437118715
1860 -0.0141718830245023
1861 -0.0134220691709504
1862 -0.0125019732078996
1863 -0.0114664539991112
1864 -0.0102163537440012
1865 -0.009076507668636
1866 -0.0079534849670951
1867 -0.0067773459701562
1868 -0.0057509195743583
1869 -0.0047216687276573
1870 -0.003726026939548
1871 -0.0027153807511888
1872 -0.0016992086682094
1873 -0.0009681265082919
1874 -0.0003421002953589
1875 0.0005162871129544
1876 0.0013644589479166
1877 0.0021772826459736
1878 0.0031317836750817
1879 0.003922152686374
1880 0.0044074993569643
1881 0.0049831043193557
1882 0.0056851765721016
1883 0.0064367175130116
1884 0.007352429405485
1885 0.0083178988619325
1886 0.0094338605012486
1887 0.0105973158124929
1888 0.0113509045585741
1889 0.0120945783073075
1890 0.01286034221866
1891 0.0135940752603025
1892 0.014615868354685
1893 0.015846943869573
1894 0.0169579372573682
1895 0.0179120489040015
1896 0.0187676034418224
1897 0.0194647812788683
1898 0.0200782047138603
1899 0.0202510388104994
1900 0.0201173825047121
1901 0.0203005311277993
1902 0.0208618021578642
1903 0.0213915436820309
1904 0.0219680227386226
1905 0.0226705648781394
1906 0.0234113716995009
1907 0.0237547041467563
1908 0.024573433928322
1909 0.0261197827638617
1910 0.0274004934941378
1911 0.0289641489006036
1912 0.0307431366142089
1913 0.0318875698613749
1914 0.0335871042052923
1915 0.0363280685841741
1916 0.0384922191972535
1917 0.0398947714740606
1918 0.0416066822790563
1919 0.0454241657844433
1920 0.0496342302990626
1921 0.0545527852883512
1922 0.0601894216897777
1923 0.0633204883457412
1924 0.0651986375439533
1925 0.067360798360406
1926 0.0694480772036741
1927 0.0709091655536575
1928 0.0722201756975736
1929 0.0733396531550041
1930 0.0751927235105301
1931 0.0796487541578849
1932 0.0863149143455813
1933 0.0924537174771701
1934 0.0961762892557782
1935 0.0980567674929046
1936 0.0988157452807808
1937 0.0987304742472126
1938 0.0998401767461717
1939 0.1016699917254392
1940 0.1021043854953623
1941 0.1018821030741713
1942 0.1017893408216988
1943 0.102347634384099
1944 0.1041776488686764
1945 0.1086675774416943
1946 0.1147599089697213
1947 0.1188326242176507
1948 0.1209908755289378
1949 0.1233860728902056
1950 0.1248377530777252
1951 0.1253639988177287
1952 0.1264677501485055
1953 0.1283166363873271
1954 0.131291377100045
1955 0.1341409362201035
1956 0.1359034679515959
1957 0.1374228271905163
1958 0.1401253368535768
1959 0.1434879100090263
1960 0.1465009504569645
1961 0.1462049902659143
1962 0.1446338108796377
1963 0.1451038763327642
1964 0.1470653843450196
1965 0.150385642018154
1966 0.1545817696538387
1967 0.160524976228087
1968 0.1677045959070809
1969 0.1752986182980614
1970 0.1827402008048199
1971 0.19097434969749
1972 0.2000044003730759
1973 0.2084390450573629
1974 0.2177431475985633
1975 0.2292461317604068
1976 0.2404668073923377
1977 0.2510983455659985
1978 0.2631035473475184
1979 0.2756789224225426
1980 0.2882566591502316
1981 0.3022250189108264
1982 0.3171154947646994
1983 0.3325715241363307
1984 0.3479965399028289
1985 0.3625951317374106
1986 0.3771686614081339
1987 0.391292746035264
1988 0.40531146023792
1989 0.4198647573892393
1990 0.4343230933030058
1991 0.4477298552420715
1992 0.4630249002736074
1993 0.4804371693811137
1994 0.4967375212055047
1995 0.513541672883047
1996 0.5312765764390946
1997 0.5460559202403965
1998 0.5592331820435005
1999 0.5764708140089583
2000 0.5959975184487971
2001 0.6137328903209305
2002 0.6281499989535705
2003 0.6393677494306026
2004 0.6502446036369676
2005 0.661069516283822
2006 0.6712097533264337
2007 0.683601487772627
2008 0.6994328664557817
2009 0.7170796264002514
2010 0.7348608274293028
2011 0.7524201642536851
2012 0.7689284494400971
2013 0.7853123757530017
2014 0.80168078995771
2015 0.8221338877878609
2016 0.8453151928886409
2017 0.8658868846896162
2018 0.884541339873366
2019 0.9018209647115546
2020 0.9181149473320196
2021 0.9344801678319437
2022 0.951329804977899
2023 0.9680059553140348
2024 0.9840351769782136
2025 0.9991178041689738
2026 1.0130287771771025
2027 1.0257804347063508
2028 1.037557431378057
2029 1.0484935897239362
2030 1.0586925489035397
2031 1.0684866929466903
2032 1.0780304446452684
2033 1.0871285172371572
2034 1.095627975444912
2035 1.1034377122105687
2036 1.110292506803445
2037 1.1160940464901308
2038 1.1210289882935534
2039 1.125237064096187
2040 1.1288141228753417
2041 1.131444817222624
2042 1.1329853220006267
2043 1.133735437610308
2044 1.1339275698209874
2045 1.133719883647671
2046 1.133162264866867
2047 1.132317643387166
2048 1.1313027792061447
2049 1.1301956089058869
2050 1.1290416125285003
2051 1.1279417512122851
2052 1.1269746680844526
2053 1.1261492775844997
2054 1.125471842020478
2055 1.1249381024272913
2056 1.1244061155365974
2057 1.1237875021435466
2058 1.1231383710497935
2059 1.122495040359078
2060 1.1218771568670116
2061 1.1212960728487051
2062 1.120749668726351
2063 1.1202259934543344
2064 1.119714013440319
2065 1.1192032082931358
2066 1.1186846088598157
2067 1.1181489108835578
2068 1.1175842911045482
2069 1.116978958617212
2070 1.1163228969874983
2071 1.1156101862146937
2072 1.114832082179527
2073 1.1139728008771417
2074 1.1130173126981648
2075 1.111954354043984
2076 1.1107850696920762
2077 1.1095134770896158
2078 1.1081399622231431
2079 1.106666007895233
2080 1.105091272448713
2081 1.103404309645908
2082 1.1016054394258723
2083 1.0997196045550957
2084 1.097771061594613
2085 1.0957748697801388
2086 1.0937371903641713
2087 1.0916630965643737
2088 1.0895604775449446
2089 1.0874349161703891
2090 1.085289093144198
2091 1.0832184995707863
2092 1.0812843382639343
2093 1.079450354372142
2094 1.0776913577988183
2095 1.0759881592804532
2096 1.0741253720765285
2097 1.0719712907122116
2098 1.0696123252350351
2099 1.0671093472005508
2100 1.064504492963695
2101 1.0618886916983956
2102 1.0593281676500803
2103 1.056826168014695
2104 1.0543875314422106
2105 1.052013929081651
2106 1.0497048590415652
2107 1.047458435130723
2108 1.0452719527954095
2109 1.0431422781661606
2110 1.0410661073355425
2111 1.0410661073355425
2112 1.0410661073355425
