1750 277.4182746054944
1751 277.4314812571531
1752 277.4576502331773
1753 277.48333883047275
1754 277.5085849257316
1755 277.53345360866274
1756 277.55801527906283
1757 277.5823738644538
1758 277.60658559405306
1759 277.63066759434764
1760 277.6546751900563
1761 277.67865592317594
1762 277.70270667403673
1763 277.7268575978937
1764 277.7510852835845
1765 277.77542815309454
1766 277.79991801442674
1767 277.8246546762536
1768 277.84965174144247
1769 277.87485452458355
1770 277.9002925638222
1771 277.92598914800124
1772 277.9520405837076
1773 277.9784532758302
1774 278.00516253442754
1775 278.0321928376081
1776 278.0595627437111
1777 278.08736875285257
1778 278.1156129421918
1779 278.1442230122873
1780 278.1732216189542
1781 278.20262546746795
1782 278.2325504646656
1783 278.26299359956647
1784 278.293858457061
1785 278.3251695739757
1786 278.35694434266713
1787 278.38932636200263
1788 278.4223075444505
1789 278.45576060409144
1790 278.48971283470587
1791 278.5241829957882
1792 278.55931365858714
1793 278.59513488662293
1794 278.63151770240535
1795 278.66844674687025
1796 278.7059447671971
1797 278.7440945567873
1798 278.7829659543954
1799 278.8225534780904
1800 278.86287558987243
1801 278.9039833131729
1802 278.9457896994282
1803 278.98869641843504
1804 279.03239139868595
1805 279.0765881521356
1806 279.1215911684458
1807 279.1673250290294
1808 279.21399692661055
1809 279.2613634914981
1810 279.3093248658941
1811 279.3582000615737
1812 279.40810132262936
1813 279.4589650890065
1814 279.51068710133364
1815 279.5632704264469
1816 279.6168106283144
1817 279.67153201333906
1818 279.727455133024
1819 279.7843234960535
1820 279.84207289760855
1821 279.90077513508174
1822 279.9604894052891
1823 280.0213076366291
1824 280.0833782580929
1825 280.14667142979164
1826 280.21115952873413
1827 280.2767991134404
1828 280.34373013282084
1829 280.41196356469953
1830 280.4812177651585
1831 280.5528159353204
1832 280.6263660871531
1833 280.700547015907
1834 280.7759323130521
1835 280.8526533235328
1836 280.9307339190092
1837 281.0109157018737
1838 281.09299750902983
1839 281.1763622196884
1840 281.2613128800612
1841 281.3481218945539
1842 281.4367812567986
1843 281.527256063215
1844 281.61951586200826
1845 281.7136664774349
1846 281.8103734701413
1847 281.909139777723
1848 282.00986343189504
1849 282.1124373775795
1850 282.2166021489507
1851 282.3230473488011
1852 282.42787192117464
1853 282.54126832924624
1854 282.66359719532034
1855 282.783604127244
1856 282.9019407000628
1857 283.0197257035572
1858 283.1388901914116
1859 283.2582852883825
1860 283.3793556626979
1861 283.50333416806825
1862 283.6306370818403
1863 283.7462574042566
1864 283.85034852207104
1865 283.95807368938983
1866 284.06826319969963
1867 284.1795611415233
1868 284.2916999958239
1869 284.40414641002366
1870 284.5168930632466
1871 284.63012020532176
1872 284.7485260687524
1873 284.8917477946477
1874 285.05449985835645
1875 285.213982002099
1876 285.3724965043106
1877 285.53357081204445
1878 285.69523608016
1879 285.85728370492603
1880 286.02179756051066
1881 286.1937075285437
1882 286.3771684010428
1883 286.556638338135
1884 286.7290502669003
1885 286.90454225859605
1886 287.07972796373485
1887 287.25475846915833
1888 287.4307698754542
1889 287.6124208406973
1890 287.79631010039793
1891 287.9814445075205
1892 288.17048502221303
1893 288.3619557045247
1894 288.5525429101198
1895 288.7453007380987
1896 288.9463698672104
1897 289.1516386204893
1898 289.35998160866126
1899 289.57345413689575
1900 289.7958056823141
1901 290.026849643438
1902 290.2748971501318
1903 290.53644759064895
1904 290.80955597839613
1905 291.0975099953564
1906 291.3969496519743
1907 291.7135061395951
1908 292.05181371212103
1909 292.3942541767419
1910 292.73028979804184
1911 293.0743032251588
1912 293.409766324845
1913 293.73053265560264
1914 294.05610428372904
1915 294.36604407164697
1916 294.6505237390911
1917 294.9449015364692
1918 295.2573281236372
1919 295.5699761127123
1920 295.8554310288486
1921 296.1457606625689
1922 296.4474482077067
1923 296.7412582111276
1924 297.0675173694572
1925 297.4156912662323
1926 297.7616234147104
1927 298.10251697141786
1928 298.46605207395123
1929 298.8523449071166
1930 299.25257466463336
1931 299.66363197445435
1932 300.04362080391536
1933 300.3615428883914
1934 300.6543848203213
1935 300.97517461449024
1936 301.31818135300534
1937 301.68866812502216
1938 302.08544405304974
1939 302.46983448585297
1940 302.84869715384883
1941 303.2559445090304
1942 303.6742802488439
1943 304.0900869628491
1944 304.5118539262304
1945 304.9328423334607
1946 305.3026720789322
1947 305.6730291608454
1948 306.12399640257667
1949 306.62160910738464
1950 307.1197003388664
1951 307.64222412288586
1952 308.2627348955643
1953 308.9414290239656
1954 309.6153804222836
1955 310.30070113307124
1956 311.0366576498061
1957 311.8409549954852
1958 312.6858077910642
1959 313.5549453912058
1960 314.44126968970494
1961 315.34243457147323
1962 316.2622611067903
1963 317.19949276097884
1964 318.1717325787168
1965 319.18586853233774
1966 320.2405852599516
1967 321.3372777203497
1968 322.4723637183933
1969 323.6449992736819
1970 324.86654225657674
1971 326.15405112297725
1972 327.4690024689883
1973 328.7862407640765
1974 330.1534982355114
1975 331.5304768770466
1976 332.86402979823146
1977 334.2361469346819
1978 335.68624861746736
1979 337.1807064001663
1980 338.6975969852632
1981 340.1855012216392
1982 341.6094770916011
1983 342.9871764784235
1984 344.38437504827266
1985 345.8429486555914
1986 347.33644171864
1987 348.856815506024
1988 350.4134813965708
1989 352.01674853944104
1990 353.65376143528647
1991 355.25966976243234
1992 356.8648024861019
1993 358.49543795734206
1994 360.08823168393747
1995 361.6506570367872
1996 363.2317873728762
1997 364.8527305789837
1998 366.6502437070752
1999 368.4428688485783
2000 370.0357835862183
2001 371.62292630198607
2002 373.1987076939063
2003 374.7878308171436
2004 376.45871437828094
2005 378.259961772032
2006 380.2018800435691
2007 382.2315165242583
2008 384.3320540694548
2009 386.3790168734325
2010 388.3319914228937
2011 390.373641711119
2012 392.5735454818144
2013 394.8428609558057
2014 397.1614731887256
2015 399.5417525554592
2016 401.9070595017366
2017 404.2215035154073
2018 406.5303845527384
2019 408.8354037435795
2020 411.1378089152973
2021 413.4385877243311
2022 415.6311775602602
2023 417.6209797297968
2024 419.4281550103191
2025 421.0655233898989
2026 422.541658098569
2027 423.862640046178
2028 425.03305244596254
2029 426.0565505543975
2030 426.9361925210986
2031 427.6746349714469
2032 428.3010757346763
2033 428.8415074340851
2034 429.293016118727
2035 429.65427564484673
2036 429.92487937537135
2037 430.1049468588112
2038 430.194893814087
2039 430.1952977850213
2040 430.1068200182867
2041 429.9301604650325
2042 429.6897521559499
2043 429.4074875245567
2044 429.07985137454114
2045 428.7047096577022
2046 428.2807793062184
2047 427.80730356207016
2048 427.2838534590751
2049 426.7102060627119
2050 426.0862695801681
2051 425.41203717939777
2052 424.7167324406687
2053 424.0265977629784
2054 423.3366862193288
2055 422.6436660340254
2056 421.9452313416358
2057 421.23973275527226
2058 420.5259457799192
2059 419.8029251564383
2060 419.0699128903423
2061 418.3262798877364
2062 417.5752525048087
2063 416.819741253042
2064 416.058682810673
2065 415.29125443068216
2066 414.5167950735739
2067 413.73475506297416
2068 412.9446638142647
2069 412.146108980236
2070 411.338722822412
2071 410.5221731668644
2072 409.6968742695965
2073 408.8631926939346
2074 408.0207500344141
2075 407.16922509645576
2076 406.3083387654174
2077 405.4378441079128
2078 404.5575198062355
2079 403.6671657185319
2080 402.76659980028944
2081 401.8556559028008
2082 400.9316332970675
2083 399.9921075531605
2084 399.0373958908947
2085 398.0676912448074
2086 397.0831098577659
2087 396.0837214068299
2088 395.0695680462113
2089 394.0406764143517
2090 392.9970651759885
2091 391.9387497322299
2092 390.86533371363794
2093 389.7764642723647
2094 388.6722313892669
2095 387.5527065025689
2096 386.41795053599816
2097 385.2680189518859
2098 384.1029649230149
2099 382.9228413105001
2100 381.72770188467786
2101 380.5176020666131
2102 379.3153570174427
2103 378.1413819754847
2104 376.9916911439796
2105 375.8635396922057
2106 374.7549764942995
2107 373.6645617279054
2108 372.5911879638084
2109 371.5339667075128
2110 370.4921563419222
2111 370.4921563419222
2112 370.4921563419222
