1750 276.1523022001791
1751 276.16531055234594
1752 276.19116220758906
1753 276.2166298604829
1754 276.2416704376014
1755 276.26632574776755
1756 276.2906616018662
1757 276.3147825782923
1758 276.3387472531151
1759 276.362575762117
1760 276.3863254123061
1761 276.41004501156453
1762 276.4338325498474
1763 276.45771898050225
1764 276.4816815869418
1765 276.50575936933024
1766 276.52998467102293
1767 276.5544574655816
1768 276.5791912908352
1769 276.60413207749207
1770 276.62930967048425
1771 276.65474651943646
1772 276.6805376804916
1773 276.7066887688034
1774 276.7331352010286
1775 276.75990205454195
1776 276.7870083307723
1777 276.8145494940096
1778 276.84252677228784
1779 276.87086886102645
1780 276.8995984096813
1781 276.92873087649605
1782 276.958381305935
1783 276.9885460659661
1784 277.01912829348765
1785 277.050152414029
1786 277.0816359741779
1787 277.1137220222007
1788 277.14640224067875
1789 277.1795507823716
1790 277.21319547508926
1791 277.2473537550895
1792 277.2821663784848
1793 277.3176621512133
1794 277.3537122582844
1795 277.3903024781602
1796 277.4274565837868
1797 277.465256290364
1798 277.503770221632
1799 277.542994190563
1800 277.5829469713941
1801 277.62367800614254
1802 277.66510028561413
1803 277.70761399281577
1804 277.7509064782984
1805 277.79469333042755
1806 277.83927966985
1807 277.8845901444078
1808 277.93083149389736
1809 277.9777621089338
1810 278.0252837577937
1811 278.0737129277595
1812 278.1231592999437
1813 278.1735584722293
1814 278.22480623151546
1815 278.2769070616747
1816 278.32995786895395
1817 278.3841812430049
1818 278.439596108555
1819 278.4959486338501
1820 278.5531762818078
1821 278.6113489981344
1822 278.67052509628274
1823 278.73079577895624
1824 278.7923068375233
1825 278.8550283043981
1826 278.918934707787
1827 278.9839833382007
1828 279.050313824465
1829 279.117938809388
1830 279.18657870605307
1831 279.2575500405971
1832 279.3304570025003
1833 279.4039832317947
1834 279.4787030286358
1835 279.5547470612844
1836 279.63214018600985
1837 279.7116204690414
1838 279.7929852339085
1839 279.87562274476807
1840 279.95983725595414
1841 280.045896142013
1842 280.1337897836676
1843 280.2234843836953
1844 280.3149469144516
1845 280.4082822843531
1846 280.50415724198706
1847 280.6020773376627
1848 280.7019437863278
1849 280.8036537398347
1850 280.9069496902667
1851 281.012516107907
1852 281.1164624277501
1853 281.2289478619342
1854 281.35030443044326
1855 281.4693240857503
1856 281.5866918248598
1857 281.7035204755715
1858 281.8217270820245
1859 281.9401658060909
1860 282.060280078984
1861 282.18329175412083
1862 282.3096122743132
1863 282.4242919613108
1864 282.52752030639306
1865 282.63440619144154
1866 282.74374994520844
1867 282.8542048952506
1868 282.9655123350704
1869 283.07714716600776
1870 283.1891039748688
1871 283.30155744605514
1872 283.41918493345764
1873 283.5615377899125
1874 283.72329900571617
1875 283.8817626780648
1876 284.03928024774143
1877 284.1993576867805
1878 284.36001722235807
1879 284.5210563157348
1880 284.68455471063373
1881 284.85541905190075
1882 285.037779318845
1883 285.21613801439275
1884 285.38747078964366
1885 285.5618924410598
1886 285.7360097666397
1887 285.9099809499924
1888 286.08494282261614
1889 286.26554438802606
1890 286.4483882433883
1891 286.63248985108896
1892 286.82050256410525
1893 287.01094356118494
1894 287.2005078847096
1895 287.3922531572751
1896 287.59230377649584
1897 287.7965426740959
1898 288.0038507658192
1899 288.21628921548825
1900 288.43759640685045
1901 288.66757200497955
1902 288.91450001093284
1903 289.174873802389
1904 289.44675771689134
1905 289.73343733095254
1906 290.03156701920534
1907 290.34677555513383
1908 290.68367743900853
1909 291.0246966250171
1910 291.3593576420716
1911 291.7020274588565
1912 292.036190838884
1913 292.35573317566553
1914 292.6801159052936
1915 292.9889236486267
1916 293.2723927022798
1917 293.5658182133564
1918 293.8772727893921
1919 294.1889620011729
1920 294.47357658117664
1921 294.7631775797651
1922 295.06419442653055
1923 295.3574146160485
1924 295.6831164284155
1925 296.03072613200425
1926 296.376121954431
1927 296.7165314211979
1928 297.07958761289626
1929 297.46537387386047
1930 297.8650796646047
1931 298.2756186772576
1932 298.6551862399627
1933 298.9728984543622
1934 299.26573225576266
1935 299.5865826675888
1936 299.92964606674553
1937 300.30017447982925
1938 300.6969741341207
1939 301.0814138200176
1940 301.46038658173933
1941 301.86775734519176
1942 302.2861859713652
1943 302.7020693360297
1944 303.1239154793373
1945 303.5450167270384
1946 303.9150972084568
1947 304.2858736433508
1948 304.7373025800642
1949 305.23535332660697
1950 305.7339250170903
1951 306.2570046332489
1952 306.8780603751494
1953 307.557247325384
1954 308.23173589509025
1955 308.9177399169941
1956 309.65453090018696
1957 310.4597754192479
1958 311.3057133397137
1959 312.17613238730974
1960 313.06395218322047
1961 313.96681572101284
1962 314.8883899798351
1963 315.82718922349
1964 316.8008361438133
1965 317.8163396120063
1966 318.8724065912499
1967 319.9704947628107
1968 321.1071983192712
1969 322.2818480798095
1970 323.505846627591
1971 324.7962507187531
1972 326.114618331561
1973 327.4359646634696
1974 328.8080518148872
1975 330.19049432376227
1976 331.5302673085275
1977 332.9095328690667
1978 334.3677533865044
1979 335.8714404192888
1980 337.3988225946279
1981 338.898363629836
1982 340.33497622165265
1983 341.7264709997737
1984 343.13886398027466
1985 344.61408649738485
1986 346.1256536463722
1987 347.66552515053525
1988 349.24311970037706
1989 350.8687972698664
1990 352.529727694676
1991 354.1608557789084
1992 355.7925448950758
1993 357.4513135107065
1994 359.073666671644
1995 360.6670325475687
1996 362.2807985468038
1997 363.93625528724624
1998 365.77072249758834
1999 367.60264084374
2000 369.23582537374114
2001 370.8637988781146
2002 372.48120081378846
2003 374.11289676639
2004 375.8276493171008
2005 377.6745844825518
2006 379.6645794658104
2007 381.74466314158815
2008 383.89791126416935
2009 385.9995256149443
2010 388.0084282714211
2011 390.1079828790733
2012 392.36917790792575
2013 394.70325026408926
2014 397.08952804846905
2015 399.5401991693524
2016 401.9786939730012
2017 404.3691414430915
2018 406.7564536423382
2019 409.1417698701563
2020 411.5259540977552
2021 413.90971675614287
2022 416.1855505555709
2023 418.25713417683824
2024 420.143387250931
2025 421.8566503346312
2026 423.4052930179397
2027 424.7952683733317
2028 426.0310337092199
2029 427.1161007934868
2030 428.05336839486887
2031 428.84532609235225
2032 429.5212911875736
2033 430.1077382210677
2034 430.6021188899722
2035 431.00320044975547
2036 431.3105582647359
2037 431.5242579994756
2038 431.64465944161134
2039 431.672295680318
2040 431.60779897457815
2041 431.45185558707215
2042 431.2290548829208
2043 430.9616323624459
2044 430.64632565790487
2045 430.28109186043446
2046 429.8646762345802
2047 429.3963340721846
2048 428.8756522466002
2049 428.3024344273766
2050 427.6766270908777
2051 426.9982717559644
2052 426.29683848689655
2053 425.59904008667627
2054 424.90028916961137
2055 424.1974078505707
2056 423.4881536933511
2057 422.7709073593053
2058 422.044467529849
2059 421.3079159867171
2060 420.5605286496259
2061 419.8017167605847
2062 419.03477608904205
2063 418.26271801848407
2064 417.4845675440719
2065 416.6995634285671
2066 415.9070925431786
2067 415.10664612934585
2068 414.297790654956
2069 413.480148305872
2070 412.65338384208223
2071 411.8171956619674
2072 410.972031017027
2073 410.1182925844592
2074 409.2556335435247
2075 408.383757475892
2076 407.5024058807019
2077 406.6113497086633
2078 405.71038356976
2079 404.7993217151868
2080 403.8779951991839
2081 402.9462498281713
2082 402.0013820803244
2083 401.0409481792354
2084 400.06525372204896
2085 399.0744945188542
2086 398.0687956307215
2087 397.04823718107866
2088 396.0128714036475
2089 394.9627338798602
2090 393.8978509249964
2091 392.8182444227818
2092 391.72352141875496
2093 390.6133293431939
2094 389.48775927392114
2095 388.3468858097342
2096 387.1907739404479
2097 386.0194835526978
2098 384.8330723801575
2099 383.6315979242344
2100 382.4151186940301
2101 381.1836949966438
2102 379.9602610090941
2103 378.7654781412754
2104 377.5955302948004
2105 376.4477123539791
2106 375.3200574761913
2107 374.2110922044705
2108 373.1196748672698
2109 372.0448889012341
2110 370.98597238829376
2111 370.98597238829376
2112 370.98597238829376
