1750 -0.0804660332014802
1751 -0.0809726620632978
1752 -0.0819863664732533
1753 -0.0829008559796704
1754 -0.083608912484631
1755 -0.0840127016694086
1756 -0.0842911166814501
1757 -0.0842899272475777
1758 -0.0840580259661881
1759 -0.0839461048439454
1760 -0.0839349624714544
1761 -0.083819868788763
1762 -0.0837049358950703
1763 -0.0836199988984207
1764 -0.0833751218474625
1765 -0.0830447258792456
1766 -0.0826317708258675
1767 -0.0821644463160015
1768 -0.0815758971746742
1769 -0.0810457679634962
1770 -0.0806671350161378
1771 -0.0803254994342424
1772 -0.0800012020336715
1773 -0.079662569133467
1774 -0.0792595873734049
1775 -0.0787244851596512
1776 -0.0782954098165665
1777 -0.0777977505096386
1778 -0.077077429187293
1779 -0.0765281734424315
1780 -0.0761673824256398
1781 -0.075735141077559
1782 -0.0753786169805041
1783 -0.0751664839220312
1784 -0.0748414548616299
1785 -0.0744950782095857
1786 -0.0741641374189418
1787 -0.073741142661599
1788 -0.073151144695341
1789 -0.0726152936476862
1790 -0.0722150497848372
1791 -0.0718731445170842
1792 -0.0715853662224558
1793 -0.0713400669629395
1794 -0.0710599093272035
1795 -0.0706359957603093
1796 -0.0703624365961328
1797 -0.0700115382494095
1798 -0.0693797350673749
1799 -0.0688718417467676
1800 -0.0685421385142962
1801 -0.0681278747812596
1802 -0.0677423402000963
1803 -0.067474271402325
1804 -0.0670111203252151
1805 -0.0664578376869925
1806 -0.0658763104204344
1807 -0.0651839860273843
1808 -0.0643133456652669
1809 -0.063476275987951
1810 -0.06278041783745
1811 -0.06207887083144
1812 -0.0614358483910812
1813 -0.0608570218649802
1814 -0.0602242878501681
1815 -0.0594570704898498
1816 -0.0587949819621094
1817 -0.0581030561602707
1818 -0.0571618525006886
1819 -0.0563095671510691
1820 -0.0556566063286287
1821 -0.0549322778963001
1822 -0.0542939215407217
1823 -0.0538251386715365
1824 -0.0531488803214322
1825 -0.0524003457836733
1826 -0.0517041061099255
1827 -0.0509235925557799
1828 -0.0499778847713551
1829 -0.0490833355700013
1830 -0.0483558115719618
1831 -0.0477008323433323
1832 -0.0471033140334131
1833 -0.0465656919469904
1834 -0.0460247159456407
1835 -0.0453874814209804
1836 -0.0448627449218014
1837 -0.0443195195150824
1838 -0.0435702795231426
1839 -0.0429181437177743
1840 -0.0425245638813784
1841 -0.0420198362360281
1842 -0.041523739463114
1843 -0.0412238446712367
1844 -0.0406522566805684
1845 -0.0398662005286101
1846 -0.0389921214359706
1847 -0.0379225138936687
1848 -0.03671337005422
1849 -0.0355758357386095
1850 -0.0345830065333832
1851 -0.0336898182930797
1852 -0.0328940518019171
1853 -0.0320629133844411
1854 -0.0310681996708094
1855 -0.0299046854314621
1856 -0.0288320193540354
1857 -0.0276102851932528
1858 -0.0260607106961876
1859 -0.0246017079757585
1860 -0.0233756161495432
1861 -0.0220588950715392
1862 -0.020658886088643
1863 -0.0193470406516164
1864 -0.0178486460522
1865 -0.0161499642326278
1866 -0.0144016804732968
1867 -0.0125672721127787
1868 -0.0105613806403553
1869 -0.0086553952826817
1870 -0.0068923700059082
1871 -0.005220134736329
1872 -0.0038889561054516
1873 -0.0026747787239232
1874 -0.0012139122364871
1875 0.0003068455722367
1876 0.0016654669703877
1877 0.0031271375067156
1878 0.0048427642602742
1879 0.0064927434428051
1880 0.0077502713458172
1881 0.0090022084394378
1882 0.0102941608801676
1883 0.0113473478758123
1884 0.0126107221051693
1885 0.0141506480277954
1886 0.0158411296526322
1887 0.0176787825420601
1888 0.0194113261194574
1889 0.021104037556589
1890 0.0227347474895613
1891 0.0241291132988766
1892 0.0254505251389802
1893 0.0269851786982777
1894 0.0287899333600448
1895 0.0305900442704865
1896 0.0319847885871839
1897 0.0333149579608221
1898 0.0347751608238449
1899 0.0358619753660115
1900 0.036580309606261
1901 0.0373730988705288
1902 0.0383716322668286
1903 0.0391739758111587
1904 0.0401869129830567
1905 0.0416271471305151
1906 0.0430847195551215
1907 0.0443395354917788
1908 0.0462180193895539
1909 0.0486795305195316
1910 0.0509826257822755
1911 0.0534453711997228
1912 0.0557558861012361
1913 0.0575686104828088
1914 0.0602040581595138
1915 0.0637667128249741
1916 0.0665625133386392
1917 0.0687404443474511
1918 0.0713600230265723
1919 0.0758710291293932
1920 0.0808941684975693
1921 0.0864630421313943
1922 0.0925580367747505
1923 0.0969116181588252
1924 0.1001245152181273
1925 0.1032074608618717
1926 0.1060828246560773
1927 0.1085061441479875
1928 0.1109228119945875
1929 0.1131376490317345
1930 0.1162650134296456
1931 0.1214833220711908
1932 0.1287263927024605
1933 0.1359030128082629
1934 0.1411956066885804
1935 0.1448864794705537
1936 0.1475495090644021
1937 0.1492933833667885
1938 0.1515122697233517
1939 0.1544770842608826
1940 0.1561614117087792
1941 0.1568763741453814
1942 0.1577613457022285
1943 0.1592620870241297
1944 0.1619562571972894
1945 0.1671726901793864
1946 0.1740107891533653
1947 0.179066672384066
1948 0.1825622548310983
1949 0.1865640163098158
1950 0.1901252073699633
1951 0.1923037948234878
1952 0.1944508951067587
1953 0.1977718121985184
1954 0.2024679975818809
1955 0.2070881210960484
1956 0.2110876835403936
1957 0.2155495432119013
1958 0.2206817650183772
1959 0.2258795309921187
1960 0.2308369825592381
1961 0.2326337359418786
1962 0.2324132394647874
1963 0.2342205527581816
1964 0.2368133640327652
1965 0.239794100780391
1966 0.243925793537924
1967 0.250459822676553
1968 0.2585373390047746
1969 0.2668586673507928
1970 0.2755088068423428
1971 0.2856387551214316
1972 0.2979097472913642
1973 0.3094761292057049
1974 0.3211623389443079
1975 0.3352904400095721
1976 0.3499019394653851
1977 0.3646253473255003
1978 0.381219839866701
1979 0.3987659186350599
1980 0.4160045982096313
1981 0.4341892348634452
1982 0.4548306762017996
1983 0.4757344600762169
1984 0.4955916956623964
1985 0.5154562182006671
1986 0.5356547872022023
1987 0.5559653439016831
1988 0.576509396150088
1989 0.5970056631821447
1990 0.6173463243878057
1991 0.6396230373055344
1992 0.6619736026140973
1993 0.6834692169824911
1994 0.7065930656829177
1995 0.7302688329903526
1996 0.7528419799381574
1997 0.7760335258172735
1998 0.799388328432789
1999 0.8218001098870507
2000 0.8428432889959747
2001 0.8622199301961575
2002 0.8812591239521846
2003 0.8988324221665818
2004 0.9154016582051182
2005 0.931819061233428
2006 0.9478313923146112
2007 0.9658464515738882
2008 0.9861058323631074
2009 1.0078733547213452
2010 1.0317027427530956
2011 1.055377964254327
2012 1.0779567101310483
2013 1.1002747538037605
2014 1.122588625250885
2015 1.149439923865006
2016 1.1805941347913589
2017 1.2122178086634805
2018 1.2442440121520326
2019 1.276682651596204
2020 1.3095366294114417
2021 1.3413776626744487
2022 1.3712435203373807
2023 1.3997331256026615
2024 1.4272984801974002
2025 1.45427790977081
2026 1.4809264239522135
2027 1.507436402235929
2028 1.533952600034157
2029 1.560583379826335
2030 1.5874092439643006
2031 1.6144406301029626
2032 1.641711205970111
2033 1.6693181948864373
2034 1.697337166076926
2035 1.7258190160954592
2036 1.7547960980438502
2037 1.784287081768186
2038 1.8143006593058384
2039 1.844838332461268
2040 1.8758964982351676
2041 1.907386717400516
2042 1.9392241303972984
2043 1.9714041603188543
2044 2.003928303812559
2045 2.0367979149820985
2046 2.0700139392359884
2047 2.1035768798256638
2048 2.1374868101184807
2049 2.171743389899754
2050 2.2063458797337074
2051 2.241200344679568
2052 2.2762255064602392
2053 2.311440295848634
2054 2.346869945622714
2055 2.3825355021220647
2056 2.4184545102390493
2057 2.4546416214290216
2058 2.491109065340103
2059 2.5278670087984083
2060 2.5649238327215267
2061 2.6022991535492483
2062 2.639998694209879
2063 2.67800646452872
2064 2.716310107651541
2065 2.754901064051692
2066 2.793773304715877
2067 2.832922481809749
2068 2.8723453338717344
2069 2.9120392620861346
2070 2.95200202800917
2071 2.992329633851736
2072 3.0330549631609167
2073 3.0740746779284267
2074 3.115304691026539
2075 3.15668452065616
2076 3.1981711889320814
2077 3.2397346601457437
2078 3.2813544214930026
2079 3.3230169158239407
2080 3.3647136151109445
2081 3.406294513418321
2082 3.447600589667506
2083 3.488567744725396
2084 3.529129464524124
2085 3.569244105950698
2086 3.608888186049741
2087 3.648051262771189
2088 3.686732111712971
2089 3.7249358914928914
2090 3.762672054971706
2091 3.7999305275930433
2092 3.83671070633464
2093 3.873026891126005
2094 3.908884141508235
2095 3.944290007448941
2096 3.979253388415906
2097 4.013783870622289
2098 4.047891315053295
2099 4.081585591633097
2100 4.114876407470296
2101 4.147958652050529
2102 4.1809761248461
2103 4.213863064995699
2104 4.24655689690092
2105 4.279008859553203
2106 4.311182047945323
2107 4.343049077422833
2108 4.374590015945471
2109 4.405790700895
2110 4.436641411309981
2111 4.436641411309981
2112 4.436641411309981
