1750 276.1523022001791
1751 276.16531055234594
1752 276.19116220758906
1753 276.2166298604829
1754 276.2416704376014
1755 276.26632574776755
1756 276.2906616018662
1757 276.3147825782923
1758 276.3387472531151
1759 276.362575762117
1760 276.3863254123061
1761 276.41004501156453
1762 276.4338325498474
1763 276.45771898050225
1764 276.4816815869418
1765 276.50575936933024
1766 276.52998467102293
1767 276.5544574655816
1768 276.5791912908352
1769 276.60413207749207
1770 276.62930967048425
1771 276.65474651943646
1772 276.6805376804916
1773 276.7066887688034
1774 276.7331352010286
1775 276.75990205454195
1776 276.7870083307723
1777 276.8145494940096
1778 276.84252677228784
1779 276.87086886102645
1780 276.8995984096813
1781 276.92873087649605
1782 276.958381305935
1783 276.9885460659661
1784 277.01912829348765
1785 277.050152414029
1786 277.0816359741779
1787 277.1137220222007
1788 277.14640224067875
1789 277.1795507823716
1790 277.21319547508926
1791 277.2473537550895
1792 277.2821663784848
1793 277.3176621512133
1794 277.3537122582844
1795 277.3903024781602
1796 277.4274565837868
1797 277.465256290364
1798 277.503770221632
1799 277.542994190563
1800 277.5829469713941
1801 277.62367800614254
1802 277.66510028561413
1803 277.70761399281577
1804 277.7509064782984
1805 277.79469333042755
1806 277.83927966985
1807 277.8845901444078
1808 277.93083149389736
1809 277.9777621089338
1810 278.0252837577937
1811 278.0737129277595
1812 278.1231592999437
1813 278.1735584722293
1814 278.22480623151546
1815 278.2769070616747
1816 278.32995786895395
1817 278.3841812430049
1818 278.439596108555
1819 278.4959486338501
1820 278.5531762818078
1821 278.6113489981344
1822 278.67052509628274
1823 278.73079577895624
1824 278.7923068375233
1825 278.8550283043981
1826 278.918934707787
1827 278.9839833382007
1828 279.050313824465
1829 279.117938809388
1830 279.18657870605307
1831 279.2575500405971
1832 279.3304570025003
1833 279.4039832317947
1834 279.4787030286358
1835 279.5547470612844
1836 279.63214018600985
1837 279.7116204690414
1838 279.7929852339085
1839 279.87562274476807
1840 279.95983725595414
1841 280.045896142013
1842 280.1337897836676
1843 280.2234843836953
1844 280.3149469144516
1845 280.4082822843531
1846 280.50415724198706
1847 280.6020773376627
1848 280.7019437863278
1849 280.8036537398347
1850 280.9069496902667
1851 281.012516107907
1852 281.1164624277501
1853 281.2289478619342
1854 281.35030443044326
1855 281.4693240857503
1856 281.5866918248598
1857 281.7035204755715
1858 281.8217270820245
1859 281.9401658060909
1860 282.060280078984
1861 282.18329175412083
1862 282.3096122743132
1863 282.4242919613108
1864 282.52752030639306
1865 282.63440619144154
1866 282.74374994520844
1867 282.8542048952506
1868 282.9655123350704
1869 283.07714716600776
1870 283.1891039748688
1871 283.30155744605514
1872 283.41918493345764
1873 283.5615377899125
1874 283.72329900571617
1875 283.8817626780648
1876 284.03928024774143
1877 284.1993576867805
1878 284.36001722235807
1879 284.5210563157348
1880 284.68455471063373
1881 284.85541905190075
1882 285.037779318845
1883 285.21613801439275
1884 285.38747078964366
1885 285.5618924410598
1886 285.7360097666397
1887 285.9099809499924
1888 286.08494282261614
1889 286.26554438802606
1890 286.4483882433883
1891 286.63248985108896
1892 286.82050256410525
1893 287.01094356118494
1894 287.2005078847096
1895 287.3922531572751
1896 287.59230377649584
1897 287.7965426740959
1898 288.0038507658192
1899 288.21628921548825
1900 288.43759640685045
1901 288.66757200497955
1902 288.91450001093284
1903 289.174873802389
1904 289.44675771689134
1905 289.73343733095254
1906 290.03156701920534
1907 290.34677555513383
1908 290.68367743900853
1909 291.0246966250171
1910 291.3593576420716
1911 291.7020274588565
1912 292.036190838884
1913 292.35573317566553
1914 292.6801159052936
1915 292.9889236486267
1916 293.2723927022798
1917 293.5658182133564
1918 293.8772727893921
1919 294.1889620011729
1920 294.47357658117664
1921 294.7631775797651
1922 295.06419442653055
1923 295.3574146160485
1924 295.6831164284155
1925 296.03072613200425
1926 296.376121954431
1927 296.7165314211979
1928 297.07958761289626
1929 297.46537387386047
1930 297.8650796646047
1931 298.2756186772576
1932 298.6551862399627
1933 298.9728984543622
1934 299.26573225576266
1935 299.5865826675888
1936 299.92964606674553
1937 300.30017447982925
1938 300.6969741341207
1939 301.0814138200176
1940 301.46038658173933
1941 301.86775734519176
1942 302.2861859713652
1943 302.7020693360297
1944 303.1239154793373
1945 303.5450167270384
1946 303.9150972084568
1947 304.2858736433508
1948 304.7373025800642
1949 305.23535332660697
1950 305.7339250170903
1951 306.2570046332489
1952 306.8780603751494
1953 307.557247325384
1954 308.23173589509025
1955 308.9177399169941
1956 309.65453090018696
1957 310.4597754192479
1958 311.3057133397137
1959 312.17613238730974
1960 313.06395218322047
1961 313.96681572101284
1962 314.8883899798351
1963 315.82718922349
1964 316.8008361438133
1965 317.8163396120063
1966 318.8724065912499
1967 319.9704947628107
1968 321.1071983192712
1969 322.2818480798095
1970 323.505846627591
1971 324.7962507187531
1972 326.114618331561
1973 327.4359646634696
1974 328.8080518148872
1975 330.19049432376227
1976 331.5302673085275
1977 332.9095328690667
1978 334.3677533865044
1979 335.8714404192888
1980 337.3988225946279
1981 338.898363629836
1982 340.33497622165265
1983 341.7264709997737
1984 343.13886398027466
1985 344.61408649738485
1986 346.1256536463722
1987 347.66552515053525
1988 349.24311970037706
1989 350.8687972698664
1990 352.529727694676
1991 354.1608557789084
1992 355.7925448950758
1993 357.4513135107065
1994 359.073666671644
1995 360.6670325475687
1996 362.2807985468038
1997 363.93625528724624
1998 365.77072249758834
1999 367.60264084374
2000 369.23582537374114
2001 370.8637988781146
2002 372.48120081378846
2003 374.11289676639
2004 375.8276493171008
2005 377.6745844825518
2006 379.6645794658104
2007 381.74466314158815
2008 383.89791126416935
2009 385.9995256149443
2010 388.0084282714211
2011 390.1079828790733
2012 392.36917790792575
2013 394.70325026408926
2014 397.08952804846905
2015 399.5401991693524
2016 401.9786939730012
2017 404.3704392064232
2018 406.7614552655201
2019 409.152566660354
2020 411.5444250905306
2021 413.9375907358608
2022 416.2941151849839
2023 418.5799832423421
2024 420.8021457659537
2025 422.9652352296739
2026 425.0724704325643
2027 427.12619802890185
2028 429.1282143805576
2029 431.07995849782895
2030 432.98262903965946
2031 434.837256312351
2032 436.625732670982
2033 438.3319111383576
2034 439.9599373164409
2035 441.5127489903806
2036 442.99250620406224
2037 444.4008618623876
2038 445.7391313646227
2039 447.00839999642574
2040 448.20959171429865
2041 449.34351382648174
2042 450.4088949902255
2043 451.40451985382686
2044 452.331212618315
2045 453.189717245454
2046 453.98071526543913
2047 454.7048372158777
2048 455.362670654225
2049 455.9547661923616
2050 456.4816422799802
2051 456.94378914066704
2052 457.34845457609146
2053 457.7022832989794
2054 458.0047062396689
2055 458.2554205837217
2056 458.4542993794287
2057 458.6013310026413
2058 458.6965791642899
2059 458.7401565295869
2060 458.7322073624783
2061 458.6728961599366
2062 458.5708403067028
2063 458.4339237032912
2064 458.2610591628612
2065 458.0515103711202
2066 457.8047836590376
2067 457.5205535283185
2068 457.1986118101379
2069 456.8388328801804
2070 456.4411498052815
2071 456.0055379491335
2072 455.5215572337968
2073 454.9796653719086
2074 454.3814286656347
2075 453.7280356453501
2076 453.020411429604
2077 452.2592978071194
2078 451.4453089832434
2079 450.57897047823633
2080 449.6607463422239
2081 448.6910582544877
2082 447.6865412755389
2083 446.6624475271068
2084 445.6167601352573
2085 444.5480511545153
2086 443.455310459753
2087 442.337824978011
2088 441.1950937010396
2089 440.0267677946108
2090 438.8326083403168
2091 437.6124564826531
2092 436.3958780252726
2093 435.2099720145611
2094 434.0503294697696
2095 432.9136546404866
2096 431.79744735784834
2097 430.6997777611891
2098 429.6191264469296
2099 428.5542709026976
2100 427.5042047351424
2101 426.46808015550175
2102 425.45011266215135
2103 424.45418374188125
2104 423.4789815410931
2105 422.5234303671709
2106 421.5866272107576
2107 420.6677965263981
2108 419.7662579719323
2109 418.88140336200274
2110 418.0126801684802
2111 418.0126801684802
2112 418.0126801684802
