1750 276.1523022001791
1751 276.16531055234594
1752 276.19116220758906
1753 276.2166298604829
1754 276.2416704376014
1755 276.26632574776755
1756 276.2906616018662
1757 276.3147825782923
1758 276.3387472531151
1759 276.362575762117
1760 276.3863254123061
1761 276.41004501156453
1762 276.4338325498474
1763 276.45771898050225
1764 276.4816815869418
1765 276.50575936933024
1766 276.52998467102293
1767 276.5544574655816
1768 276.5791912908352
1769 276.60413207749207
1770 276.62930967048425
1771 276.65474651943646
1772 276.6805376804916
1773 276.7066887688034
1774 276.7331352010286
1775 276.75990205454195
1776 276.7870083307723
1777 276.8145494940096
1778 276.84252677228784
1779 276.87086886102645
1780 276.8995984096813
1781 276.92873087649605
1782 276.958381305935
1783 276.9885460659661
1784 277.01912829348765
1785 277.050152414029
1786 277.0816359741779
1787 277.1137220222007
1788 277.14640224067875
1789 277.1795507823716
1790 277.21319547508926
1791 277.2473537550895
1792 277.2821663784848
1793 277.3176621512133
1794 277.3537122582844
1795 277.3903024781602
1796 277.4274565837868
1797 277.465256290364
1798 277.503770221632
1799 277.542994190563
1800 277.5829469713941
1801 277.62367800614254
1802 277.66510028561413
1803 277.70761399281577
1804 277.7509064782984
1805 277.79469333042755
1806 277.83927966985
1807 277.8845901444078
1808 277.93083149389736
1809 277.9777621089338
1810 278.0252837577937
1811 278.0737129277595
1812 278.1231592999437
1813 278.1735584722293
1814 278.22480623151546
1815 278.2769070616747
1816 278.32995786895395
1817 278.3841812430049
1818 278.439596108555
1819 278.4959486338501
1820 278.5531762818078
1821 278.6113489981344
1822 278.67052509628274
1823 278.73079577895624
1824 278.7923068375233
1825 278.8550283043981
1826 278.918934707787
1827 278.9839833382007
1828 279.050313824465
1829 279.117938809388
1830 279.18657870605307
1831 279.2575500405971
1832 279.3304570025003
1833 279.4039832317947
1834 279.4787030286358
1835 279.5547470612844
1836 279.63214018600985
1837 279.7116204690414
1838 279.7929852339085
1839 279.87562274476807
1840 279.95983725595414
1841 280.045896142013
1842 280.1337897836676
1843 280.2234843836953
1844 280.3149469144516
1845 280.4082822843531
1846 280.50415724198706
1847 280.6020773376627
1848 280.7019437863278
1849 280.8036537398347
1850 280.9069496902667
1851 281.012516107907
1852 281.1164624277501
1853 281.2289478619342
1854 281.35030443044326
1855 281.4693240857503
1856 281.5866918248598
1857 281.7035204755715
1858 281.8217270820245
1859 281.9401658060909
1860 282.060280078984
1861 282.18329175412083
1862 282.3096122743132
1863 282.4242919613108
1864 282.52752030639306
1865 282.63440619144154
1866 282.74374994520844
1867 282.8542048952506
1868 282.9655123350704
1869 283.07714716600776
1870 283.1891039748688
1871 283.30155744605514
1872 283.41918493345764
1873 283.5615377899125
1874 283.72329900571617
1875 283.8817626780648
1876 284.03928024774143
1877 284.1993576867805
1878 284.36001722235807
1879 284.5210563157348
1880 284.68455471063373
1881 284.85541905190075
1882 285.037779318845
1883 285.21613801439275
1884 285.38747078964366
1885 285.5618924410598
1886 285.7360097666397
1887 285.9099809499924
1888 286.08494282261614
1889 286.26554438802606
1890 286.4483882433883
1891 286.63248985108896
1892 286.82050256410525
1893 287.01094356118494
1894 287.2005078847096
1895 287.3922531572751
1896 287.59230377649584
1897 287.7965426740959
1898 288.0038507658192
1899 288.21628921548825
1900 288.43759640685045
1901 288.66757200497955
1902 288.91450001093284
1903 289.174873802389
1904 289.44675771689134
1905 289.73343733095254
1906 290.03156701920534
1907 290.34677555513383
1908 290.68367743900853
1909 291.0246966250171
1910 291.3593576420716
1911 291.7020274588565
1912 292.036190838884
1913 292.35573317566553
1914 292.6801159052936
1915 292.9889236486267
1916 293.2723927022798
1917 293.5658182133564
1918 293.8772727893921
1919 294.1889620011729
1920 294.47357658117664
1921 294.7631775797651
1922 295.06419442653055
1923 295.3574146160485
1924 295.6831164284155
1925 296.03072613200425
1926 296.376121954431
1927 296.7165314211979
1928 297.07958761289626
1929 297.46537387386047
1930 297.8650796646047
1931 298.2756186772576
1932 298.6551862399627
1933 298.9728984543622
1934 299.26573225576266
1935 299.5865826675888
1936 299.92964606674553
1937 300.30017447982925
1938 300.6969741341207
1939 301.0814138200176
1940 301.46038658173933
1941 301.86775734519176
1942 302.2861859713652
1943 302.7020693360297
1944 303.1239154793373
1945 303.5450167270384
1946 303.9150972084568
1947 304.2858736433508
1948 304.7373025800642
1949 305.23535332660697
1950 305.7339250170903
1951 306.2570046332489
1952 306.8780603751494
1953 307.557247325384
1954 308.23173589509025
1955 308.9177399169941
1956 309.65453090018696
1957 310.4597754192479
1958 311.3057133397137
1959 312.17613238730974
1960 313.06395218322047
1961 313.96681572101284
1962 314.8883899798351
1963 315.82718922349
1964 316.8008361438133
1965 317.8163396120063
1966 318.8724065912499
1967 319.9704947628107
1968 321.1071983192712
1969 322.2818480798095
1970 323.505846627591
1971 324.7962507187531
1972 326.114618331561
1973 327.4359646634696
1974 328.8080518148872
1975 330.19049432376227
1976 331.5302673085275
1977 332.9095328690667
1978 334.3677533865044
1979 335.8714404192888
1980 337.3988225946279
1981 338.898363629836
1982 340.33497622165265
1983 341.7264709997737
1984 343.13886398027466
1985 344.61408649738485
1986 346.1256536463722
1987 347.66552515053525
1988 349.24311970037706
1989 350.8687972698664
1990 352.529727694676
1991 354.1608557789084
1992 355.7925448950758
1993 357.4513135107065
1994 359.073666671644
1995 360.6670325475687
1996 362.2807985468038
1997 363.93625528724624
1998 365.77072249758834
1999 367.60264084374
2000 369.23582537374114
2001 370.8637988781146
2002 372.48120081378846
2003 374.11289676639
2004 375.8276493171008
2005 377.6745844825518
2006 379.6645794658104
2007 381.74466314158815
2008 383.89791126416935
2009 385.9995256149443
2010 388.0084282714211
2011 390.1079828790733
2012 392.36917790792575
2013 394.70325026408926
2014 397.08952804846905
2015 399.5401991693524
2016 401.9786939730012
2017 404.3807430059184
2018 406.8018556334142
2019 409.2415638352619
2020 411.69975418480107
2021 414.1765202623445
2022 416.6708728058228
2023 419.181636269995
2024 421.7087133256218
2025 424.2521785567967
2026 426.81220882090565
2027 429.3890408677144
2028 431.9829453784572
2029 434.5942109214805
2030 437.2231339802266
2031 439.8700127497966
2032 442.5227703635296
2033 445.1706587593408
2034 447.8161626538045
2035 450.46099551402375
2036 453.1063781488269
2037 455.7532147100001
2038 458.40220288317937
2039 461.053903313156
2040 463.7087836758275
2041 466.36724690413007
2042 469.020067150973
2043 471.6588336153927
2044 474.2852745571408
2045 476.9006534608511
2046 479.5059210061648
2047 482.1018157323651
2048 484.68892994380496
2049 487.26775316159416
2050 489.8387010054047
2051 492.4021345742031
2052 494.9431108688621
2053 497.4478186884939
2054 499.9185214703756
2055 502.35690693586776
2056 504.7642580280543
2057 507.1415721468667
2058 509.4896427434362
2059 511.80911545477295
2060 514.1005269861639
2061 516.3643322604587
2062 518.5904200184826
2063 520.7693614887887
2064 522.9027398624671
2065 524.9917888676341
2066 527.0374853438591
2067 529.0406162914906
2068 531.0018266465894
2069 532.9216536092889
2070 534.8005515204375
2071 536.6389100499799
2072 538.4157764936856
2073 540.1116306631486
2074 541.7293251176573
2075 543.2710602491745
2076 544.7385520224793
2077 546.1331574624277
2078 547.4559661825331
2079 548.7078673198401
2080 549.8895986676227
2081 551.0017829031572
2082 552.0318218727557
2083 552.9679233975032
2084 553.8120521273386
2085 554.5657857344423
2086 555.2304089299039
2087 555.8069844857627
2088 556.2964061517866
2089 556.6994383607486
2090 557.0167461925337
2091 557.2489181105047
2092 557.4205682210838
2093 557.554799418044
2094 557.6494270312068
2095 557.7027683141636
2096 557.7135283716237
2097 557.6807110358138
2098 557.603551010938
2099 557.4814620801549
2100 557.313997473904
2101 557.100819471255
2102 556.8829739488971
2103 556.6991692372999
2104 556.5449239402019
2105 556.4166221682191
2106 556.3113306129804
2107 556.2266538966383
2108 556.1606220770364
2109 556.1116028020797
2110 556.0782325013728
2111 556.0782325013728
2112 556.0782325013728
