1750 276.1523022001791
1751 276.16531055234594
1752 276.19116220758906
1753 276.2166298604829
1754 276.2416704376014
1755 276.26632574776755
1756 276.2906616018662
1757 276.3147825782923
1758 276.3387472531151
1759 276.362575762117
1760 276.3863254123061
1761 276.41004501156453
1762 276.4338325498474
1763 276.45771898050225
1764 276.4816815869418
1765 276.50575936933024
1766 276.52998467102293
1767 276.5544574655816
1768 276.5791912908352
1769 276.60413207749207
1770 276.62930967048425
1771 276.65474651943646
1772 276.6805376804916
1773 276.7066887688034
1774 276.7331352010286
1775 276.75990205454195
1776 276.7870083307723
1777 276.8145494940096
1778 276.84252677228784
1779 276.87086886102645
1780 276.8995984096813
1781 276.92873087649605
1782 276.958381305935
1783 276.9885460659661
1784 277.01912829348765
1785 277.050152414029
1786 277.0816359741779
1787 277.1137220222007
1788 277.14640224067875
1789 277.1795507823716
1790 277.21319547508926
1791 277.2473537550895
1792 277.2821663784848
1793 277.3176621512133
1794 277.3537122582844
1795 277.3903024781602
1796 277.4274565837868
1797 277.465256290364
1798 277.503770221632
1799 277.542994190563
1800 277.5829469713941
1801 277.62367800614254
1802 277.66510028561413
1803 277.70761399281577
1804 277.7509064782984
1805 277.79469333042755
1806 277.83927966985
1807 277.8845901444078
1808 277.93083149389736
1809 277.9777621089338
1810 278.0252837577937
1811 278.0737129277595
1812 278.1231592999437
1813 278.1735584722293
1814 278.22480623151546
1815 278.2769070616747
1816 278.32995786895395
1817 278.3841812430049
1818 278.439596108555
1819 278.4959486338501
1820 278.5531762818078
1821 278.6113489981344
1822 278.67052509628274
1823 278.73079577895624
1824 278.7923068375233
1825 278.8550283043981
1826 278.918934707787
1827 278.9839833382007
1828 279.050313824465
1829 279.117938809388
1830 279.18657870605307
1831 279.2575500405971
1832 279.3304570025003
1833 279.4039832317947
1834 279.4787030286358
1835 279.5547470612844
1836 279.63214018600985
1837 279.7116204690414
1838 279.7929852339085
1839 279.87562274476807
1840 279.95983725595414
1841 280.045896142013
1842 280.1337897836676
1843 280.2234843836953
1844 280.3149469144516
1845 280.4082822843531
1846 280.50415724198706
1847 280.6020773376627
1848 280.7019437863278
1849 280.8036537398347
1850 280.9069496902667
1851 281.012516107907
1852 281.1164624277501
1853 281.2289478619342
1854 281.35030443044326
1855 281.4693240857503
1856 281.5866918248598
1857 281.7035204755715
1858 281.8217270820245
1859 281.9401658060909
1860 282.060280078984
1861 282.18329175412083
1862 282.3096122743132
1863 282.4242919613108
1864 282.52752030639306
1865 282.63440619144154
1866 282.74374994520844
1867 282.8542048952506
1868 282.9655123350704
1869 283.07714716600776
1870 283.1891039748688
1871 283.30155744605514
1872 283.41918493345764
1873 283.5615377899125
1874 283.72329900571617
1875 283.8817626780648
1876 284.03928024774143
1877 284.1993576867805
1878 284.36001722235807
1879 284.5210563157348
1880 284.68455471063373
1881 284.85541905190075
1882 285.037779318845
1883 285.21613801439275
1884 285.38747078964366
1885 285.5618924410598
1886 285.7360097666397
1887 285.9099809499924
1888 286.08494282261614
1889 286.26554438802606
1890 286.4483882433883
1891 286.63248985108896
1892 286.82050256410525
1893 287.01094356118494
1894 287.2005078847096
1895 287.3922531572751
1896 287.59230377649584
1897 287.7965426740959
1898 288.0038507658192
1899 288.21628921548825
1900 288.43759640685045
1901 288.66757200497955
1902 288.91450001093284
1903 289.174873802389
1904 289.44675771689134
1905 289.73343733095254
1906 290.03156701920534
1907 290.34677555513383
1908 290.68367743900853
1909 291.0246966250171
1910 291.3593576420716
1911 291.7020274588565
1912 292.036190838884
1913 292.35573317566553
1914 292.6801159052936
1915 292.9889236486267
1916 293.2723927022798
1917 293.5658182133564
1918 293.8772727893921
1919 294.1889620011729
1920 294.47357658117664
1921 294.7631775797651
1922 295.06419442653055
1923 295.3574146160485
1924 295.6831164284155
1925 296.03072613200425
1926 296.376121954431
1927 296.7165314211979
1928 297.07958761289626
1929 297.46537387386047
1930 297.8650796646047
1931 298.2756186772576
1932 298.6551862399627
1933 298.9728984543622
1934 299.26573225576266
1935 299.5865826675888
1936 299.92964606674553
1937 300.30017447982925
1938 300.6969741341207
1939 301.0814138200176
1940 301.46038658173933
1941 301.86775734519176
1942 302.2861859713652
1943 302.7020693360297
1944 303.1239154793373
1945 303.5450167270384
1946 303.9150972084568
1947 304.2858736433508
1948 304.7373025800642
1949 305.23535332660697
1950 305.7339250170903
1951 306.2570046332489
1952 306.8780603751494
1953 307.557247325384
1954 308.23173589509025
1955 308.9177399169941
1956 309.65453090018696
1957 310.4597754192479
1958 311.3057133397137
1959 312.17613238730974
1960 313.06395218322047
1961 313.96681572101284
1962 314.8883899798351
1963 315.82718922349
1964 316.8008361438133
1965 317.8163396120063
1966 318.8724065912499
1967 319.9704947628107
1968 321.1071983192712
1969 322.2818480798095
1970 323.505846627591
1971 324.7962507187531
1972 326.114618331561
1973 327.4359646634696
1974 328.8080518148872
1975 330.19049432376227
1976 331.5302673085275
1977 332.9095328690667
1978 334.3677533865044
1979 335.8714404192888
1980 337.3988225946279
1981 338.898363629836
1982 340.33497622165265
1983 341.7264709997737
1984 343.13886398027466
1985 344.61408649738485
1986 346.1256536463722
1987 347.66552515053525
1988 349.24311970037706
1989 350.8687972698664
1990 352.529727694676
1991 354.1608557789084
1992 355.7925448950758
1993 357.4513135107065
1994 359.073666671644
1995 360.6670325475687
1996 362.2807985468038
1997 363.93625528724624
1998 365.77072249758834
1999 367.60264084374
2000 369.23582537374114
2001 370.8637988781146
2002 372.48120081378846
2003 374.11289676639
2004 375.8276493171008
2005 377.6745844825518
2006 379.6645794658104
2007 381.74466314158815
2008 383.89791126416935
2009 385.9995256149443
2010 388.0084282714211
2011 390.1079828790733
2012 392.36917790792575
2013 394.70325026408926
2014 397.08952804846905
2015 399.5401991693524
2016 401.9786939730012
2017 404.4307000405951
2018 406.9962631792929
2019 409.66616130578825
2020 412.43483624093153
2021 415.2988838129519
2022 418.2363070376916
2023 421.227719892139
2024 424.2752531840848
2025 427.3802668977952
2026 430.5436724474522
2027 433.7661251816117
2028 437.0481368051055
2029 440.39014088019474
2030 443.7925309064738
2031 447.25568237365087
2032 450.76541172500976
2033 454.30888716301627
2034 457.8887233571761
2035 461.5067842583607
2036 465.16445747830255
2037 468.8628266903533
2038 472.6027790104304
2039 476.385072439223
2040 480.2103785911745
2041 484.07931002531984
2042 487.98475178626086
2043 491.920134366163
2044 495.8869536889526
2045 499.8863972238208
2046 503.9194415487192
2047 507.98691748274746
2048 512.0895530645807
2049 516.2280022414593
2050 520.4028642491602
2051 524.6146968741026
2052 528.8594311124425
2053 533.1333063930354
2054 537.4373737935042
2055 541.7725030357028
2056 546.1394334563713
2057 550.5388098497658
2058 554.971207294976
2059 559.4371485334722
2060 563.9371162554007
2061 568.4715618771147
2062 573.0397299750477
2063 577.6409326552862
2064 582.2757122205935
2065 586.9445575017082
2066 591.6479164670671
2067 596.3862053971679
2068 601.1598155234681
2069 605.9691179083902
2070 610.8144670778839
2071 615.6962037575008
2072 620.6139635806737
2073 625.5674090737486
2074 630.5569166968268
2075 635.5828415578435
2076 640.6455211989269
2077 645.7452785043097
2078 650.8824239242138
2079 656.0572572158509
2080 661.2700688283378
2081 666.5211410169721
2082 671.8172582535121
2083 677.1649071724613
2084 682.5638257368785
2085 688.0138515381577
2086 693.5149014974907
2087 699.0669550891193
2088 704.6700413368935
2089 710.324228659818
2090 716.0296168974459
2091 721.786331017473
2092 727.5979095607117
2093 733.4677987652885
2094 739.3959726938369
2095 745.3824478286645
2096 751.4272772077902
2097 757.5305444009812
2098 763.692358378322
2099 769.9128492276573
2100 776.1921646022904
2101 782.5304667737324
2102 788.8592721111497
2103 795.1124233093337
2104 801.294316043442
2105 807.4085643124531
2106 813.4581397261829
2107 819.4454960275232
2108 825.3726684370129
2109 831.2413526423159
2110 837.0529676208641
2111 837.0529676208641
2112 837.0529676208641
