1750 281.61374284572344
1751 281.62712411563456
1752 281.65357351388303
1753 281.67945187624423
1754 281.7048618800296
1755 281.72989124965835
1756 281.7546172455916
1757 281.77914734036904
1758 281.80353727193307
1759 281.82780113109
1760 281.8519932854288
1761 281.8761596788442
1762 281.90039578699816
1763 281.92473321810047
1764 281.9491495827904
1765 281.97368522403434
1766 281.9983715840437
1767 282.0233046439505
1768 282.04849830473046
1769 282.07389599410504
1770 282.0995237850265
1771 282.12540769083427
1772 282.15164896922937
1773 282.17825826205654
1774 282.2051710770152
1775 282.2324049915775
1776 282.2599735551503
1777 282.2879778548972
1778 282.3164232059575
1779 282.34523360386135
1780 282.3744306061216
1781 282.4040316821017
1782 282.43415273661714
1783 282.46479387582247
1784 282.4958613417507
1785 282.52738273807955
1786 282.5593751511318
1787 282.5919777004739
1788 282.62518153392614
1789 282.65885417776406
1790 282.6930186173586
1791 282.7276991202756
1792 282.76304590621555
1793 282.7990955665025
1794 282.83571965969
1795 282.8728926829292
1796 282.9106296184043
1797 282.9490196742966
1798 282.9881377813293
1799 283.02797378382843
1800 283.06854346564893
1801 283.109898149886
1802 283.15195203586273
1803 283.1951113950044
1804 283.23906737421765
1805 283.2835368989905
1806 283.3288227259556
1807 283.3748422212224
1808 283.42180205861496
1809 283.4694530282188
1810 283.5176890550135
1811 283.5668361068677
1812 283.61701625739937
1813 283.66817512352395
1814 283.72021009365506
1815 283.77310920308014
1816 283.82695654117595
1817 283.88198422314434
1818 283.93821991878184
1819 283.9954018719024
1820 284.05346162821905
1821 284.11247090219547
1822 284.17248891613883
1823 284.2336122695914
1824 284.29599737598977
1825 284.35962173938435
1826 284.4244535755692
1827 284.49043978178184
1828 284.5577199257248
1829 284.62629468348314
1830 284.6958710859639
1831 284.7677828272789
1832 284.8416530473592
1833 284.9161710537628
1834 284.99191030851165
1835 285.0689820680864
1836 285.1473970991601
1837 285.22790695636337
1838 285.3103150647609
1839 285.3939958108048
1840 285.4792488350848
1841 285.56635089238017
1842 285.65529490452377
1843 285.7460467712784
1844 285.8385894800056
1845 285.9330462623033
1846 286.0300768548291
1847 286.1291679910684
1848 286.2302134392516
1849 286.3330879382262
1850 286.4375181395086
1851 286.544206110364
1852 286.6492658503606
1853 286.7629252158256
1854 286.8855639183259
1855 287.0058775434392
1856 287.124479831424
1857 287.2425100949745
1858 287.3619121715927
1859 287.4815241728002
1860 287.6027866412367
1861 287.72693765752695
1862 287.8544017485772
1863 287.9701695556931
1864 288.0743933039863
1865 288.18226378092385
1866 288.2926091455156
1867 288.40404669737006
1868 288.51630554124336
1869 288.6288328568916
1870 288.741612067128
1871 288.8548418690054
1872 288.9732386391618
1873 289.1164833825013
1874 289.2792995341641
1875 289.4388184030884
1876 289.5973194982895
1877 289.75836365189446
1878 289.9199804526499
1879 290.0819488185303
1880 290.24634112213164
1881 290.4180731453042
1882 290.6013105844424
1883 290.780533602741
1884 290.9526913797301
1885 291.1279321259228
1886 291.302849646565
1887 291.47757864267777
1888 291.65325774296383
1889 291.8345061899364
1890 292.0178988677035
1891 292.20245969748817
1892 292.390872895835
1893 292.58171086860114
1894 292.77168292041455
1895 292.96378456110165
1896 293.1641017568299
1897 293.3685515508337
1898 293.5760242259504
1899 293.7885424991184
1900 294.00981125923494
1901 294.23960782126863
1902 294.48625630526817
1903 294.74631662961417
1904 295.01786569465315
1905 295.30415168971587
1906 295.601754848586
1907 295.916275715975
1908 296.2522985949163
1909 296.59220031780745
1910 296.9255428653057
1911 297.26670720348966
1912 297.599194469802
1913 297.91697376665263
1914 298.23948658578666
1915 298.54626280628224
1916 298.8276012201555
1917 299.118833077842
1918 299.42794957808195
1919 299.7370936779546
1920 300.01910965850533
1921 300.3061333430304
1922 300.60463464450726
1923 300.8955387631688
1924 301.21885996632466
1925 301.56372223324024
1926 301.9060878138209
1927 302.24330430300535
1928 302.6028894218387
1929 302.9848188935733
1930 303.38023482837923
1931 303.7860386404421
1932 304.1608162421552
1933 304.4742329310933
1934 304.76320244141993
1935 305.08005726407373
1936 305.4186028896812
1937 305.7838936271576
1938 306.17465320611706
1939 306.55258471148795
1940 306.92483787527124
1941 307.3250092375497
1942 307.7356423217363
1943 308.14321376669983
1944 308.5562482417092
1945 308.9681837155785
1946 309.3293043760317
1947 309.69147171799347
1948 310.13396408247337
1949 310.6222371756237
1950 311.1102636499704
1951 311.6218645740784
1952 312.2298599211365
1953 312.89455888663434
1954 313.55365368140946
1955 314.2233850467875
1956 314.94264506180434
1957 315.7284292706665
1958 316.55260013531336
1959 317.3992952979881
1960 318.2621321204782
1961 319.1388873482454
1962 320.0325040572754
1963 320.94090065041735
1964 321.88156891164726
1965 322.86165860117217
1966 323.8803457255356
1967 324.93919997795626
1968 326.0345808308875
1969 327.165726639954
1970 328.3439629530665
1971 329.58579871478463
1972 330.8526955090172
1973 332.11979103336336
1974 333.43409847917826
1975 334.7560721254759
1976 336.034569083496
1977 337.3507581899047
1978 338.74191887443544
1979 340.17427892297786
1980 341.6267560180836
1981 343.04909324881385
1982 344.40794671684506
1983 345.7211805564732
1984 347.0533872798021
1985 348.4458433255638
1986 349.8717254262549
1987 351.3225358875403
1988 352.80716819579266
1989 354.33522923106807
1990 355.8943574707053
1991 357.421423994316
1992 358.94515079932063
1993 360.4910409153029
1994 362.000173403412
1995 363.48046109283615
1996 364.9785260973484
1997 366.5162470197306
1998 368.2253164131412
1999 369.92206538250207
2000 371.4209352647342
2001 372.92089379513664
2002 374.4150797719304
2003 375.9231760886139
2004 377.50748584010745
2005 379.2141297755461
2006 381.053825377372
2007 382.9740910927603
2008 384.9592275542125
2009 386.8903595472197
2010 388.731496696669
2011 390.6613085685967
2012 392.7440972577824
2013 394.8902129606264
2014 397.0800178247034
2015 399.3259745219196
2016 401.5541535409316
2017 403.7702276501032
2018 406.0515581056391
2019 408.3897408783187
2020 410.78041210019137
2021 413.2212474122485
2022 415.5641318638843
2023 417.6811676784055
2024 419.6024907055368
2025 421.3451308593412
2026 422.91939043215257
2027 424.383783208878
2028 425.7877084069304
2029 427.1237920526155
2030 428.3889314699016
2031 429.5821867998626
2032 430.7417890047135
2033 431.901752846262
2034 433.0554696158779
2035 434.1994613401317
2036 435.3319094788204
2037 436.437793575667
2038 437.5042791139961
2039 438.5338716482686
2040 439.5281171561929
2041 440.4880344551977
2042 441.4083288233996
2043 442.2843423130047
2044 443.1178132536329
2045 443.90991428045913
2046 444.6615079157076
2047 445.3708002176251
2048 446.0360242404583
2049 446.6579106070767
2050 447.2370704093504
2051 447.7740406008445
2052 448.2627623718392
2053 448.69782803340206
2054 449.0807966475991
2055 449.4128301276247
2056 449.6948565630444
2057 449.907466632411
2058 450.03358805506105
2059 450.0777707608037
2060 450.0430520384437
2061 449.93160707134655
2062 449.7414017749561
2063 449.4705751086268
2064 449.1210880317859
2065 448.6945058253119
2066 448.1921503831906
2067 447.6265277131125
2068 447.0086381164292
2069 446.3371972947653
2070 445.6116951007232
2071 444.8320452248788
2072 444.0078460961073
2073 443.1476538931596
2074 442.2499083353455
2075 441.3137701203789
2076 440.3388055012758
2077 439.33286230862086
2078 438.30292802431126
2079 437.2473979599106
2080 436.1653009583295
2081 435.0560281902009
2082 433.9267833147223
2083 432.78394554554006
2084 431.62577638547793
2085 430.4511460465284
2086 429.25927651926713
2087 428.062567826004
2088 426.8719431373236
2089 425.6844434289784
2090 424.4981190648608
2091 423.3115998414754
2092 422.14001088274136
2093 420.9966739890906
2094 419.8776442957565
2095 418.7802628354622
2096 417.7026093961924
2097 416.64327534550506
2098 415.60110918203054
2099 414.57504968542514
2100 413.5641598986722
2101 412.56759345015263
2102 411.5848361446812
2103 410.6154028685872
2104 409.6585789403405
2105 408.713711689353
2106 407.7801993657222
2107 406.8574840054471
2108 405.9450464772496
2109 405.042402786584
2110 404.1491011332773
2111 404.1491011332773
2112 404.1491011332773
