1750 -0.0393872309583314
1751 -0.0412226468240737
1752 -0.0446873326570067
1753 -0.0479692528040507
1754 -0.0512663932855335
1755 -0.0537430694043216
1756 -0.0549536621713451
1757 -0.0561408981932096
1758 -0.0571654008172223
1759 -0.0577632832164615
1760 -0.0586864858792567
1761 -0.0593846755872208
1762 -0.0594204744880388
1763 -0.0591731313633039
1764 -0.0579469655891557
1765 -0.0571977617498878
1766 -0.0569688209456925
1767 -0.0562695244128137
1768 -0.0565606524723156
1769 -0.0570709149969015
1770 -0.0569941642171134
1771 -0.0562300500979836
1772 -0.0547018062188481
1773 -0.0533383881717099
1774 -0.053333974548114
1775 -0.0535929027709636
1776 -0.0530223364199103
1777 -0.052589833874223
1778 -0.052717322041904
1779 -0.0526983715028146
1780 -0.0529208099076855
1781 -0.053124756388535
1782 -0.0527979483511996
1783 -0.052289025568655
1784 -0.0510528112298517
1785 -0.0502860456079962
1786 -0.0499316769550219
1787 -0.0495244784904023
1788 -0.0502238625152809
1789 -0.0509472303244176
1790 -0.0510518648268895
1791 -0.0504731305765658
1792 -0.0491498830243305
1793 -0.0479463876541322
1794 -0.0480123235014802
1795 -0.0483290400257629
1796 -0.0477880077824701
1797 -0.0473373597010679
1798 -0.0473429167684897
1799 -0.0473806715970643
1800 -0.0475711835417016
1801 -0.0475153407030637
1802 -0.0471547702340985
1803 -0.0465063170918773
1804 -0.0452021451388701
1805 -0.0444361808795553
1806 -0.0440273399745652
1807 -0.0435209027825726
1808 -0.0439011786055075
1809 -0.0443261603576511
1810 -0.0442310405165643
1811 -0.0435464143980419
1812 -0.0420466920418906
1813 -0.0406534159109273
1814 -0.0405489271078919
1815 -0.0406805196160833
1816 -0.0401875500039659
1817 -0.0396425724231707
1818 -0.0394566957266056
1819 -0.0392853615694745
1820 -0.0392602145459995
1821 -0.039204595921402
1822 -0.0387785768984147
1823 -0.0379239889916933
1824 -0.0365247342737943
1825 -0.0356475394276053
1826 -0.0349961584980896
1827 -0.0342641800176508
1828 -0.0345800558564654
1829 -0.0350414796178378
1830 -0.0350930495476442
1831 -0.0345145394952831
1832 -0.0331465571882718
1833 -0.0320182459957927
1834 -0.0320473961426489
1835 -0.0321667093104477
1836 -0.0319137485054269
1837 -0.0318316223455178
1838 -0.0320026854632936
1839 -0.0321794370826445
1840 -0.0322512730907982
1841 -0.0323909060399909
1842 -0.0323273641680688
1843 -0.0314964873860871
1844 -0.0299367294456856
1845 -0.0289520478102337
1846 -0.0281209387490485
1847 -0.0273206571735926
1848 -0.0275535735826158
1849 -0.0278204396573185
1850 -0.0277525074876747
1851 -0.0269677781014428
1852 -0.0251889165442635
1853 -0.0235215612120141
1854 -0.0231420556252824
1855 -0.022789006143527
1856 -0.0217166052833887
1857 -0.0208690299508219
1858 -0.0202421951054859
1859 -0.019595073245737
1860 -0.0189815932892033
1861 -0.0180479972633398
1862 -0.0166863034150075
1863 -0.0148025426029568
1864 -0.0124722713447219
1865 -0.0109871719614799
1866 -0.0097077664180736
1867 -0.008395201212523
1868 -0.007985712401232
1869 -0.0073249451432897
1870 -0.0064481450298753
1871 -0.0052146166770658
1872 -0.0031339448316904
1873 -0.0018001267252554
1874 -0.0014002716784843
1875 -0.000247400821185
1876 0.00121141718318
1877 0.0023517530808689
1878 0.0035715302237021
1879 0.0043273687002606
1880 0.0047002055979069
1881 0.0054114282894041
1882 0.0065256828221609
1883 0.008252956356114
1884 0.0101567276954788
1885 0.0116336204092667
1886 0.0133475849526237
1887 0.0150183936861651
1888 0.0154763796833633
1889 0.0159455489636643
1890 0.0166036607607716
1891 0.0176216249907959
1892 0.0197328668466963
1893 0.0220291333192951
1894 0.0233178396487649
1895 0.024211978662648
1896 0.0256725923997828
1897 0.0268078050524817
1898 0.0275219768901338
1899 0.0273480321891669
1900 0.0266226311103247
1901 0.0267754425045476
1902 0.0277941490807049
1903 0.0290028157116781
1904 0.0298144463156909
1905 0.0302059331921262
1906 0.0307687996826312
1907 0.0303987736418994
1908 0.0304271378243336
1909 0.0319632445726799
1910 0.0330337379514254
1911 0.0348590829248957
1912 0.0377936009158228
1913 0.0396158184717141
1914 0.0417071425903749
1915 0.0457122000393017
1916 0.0492864146454542
1917 0.0513199173058909
1918 0.0534247620900338
1919 0.058871953740573
1920 0.0649638340053336
1921 0.0726000826703999
1922 0.0819847278627662
1923 0.0865326217062752
1924 0.0889006338055264
1925 0.0923401489639758
1926 0.095801235915043
1927 0.098085028120037
1928 0.0998374693523286
1929 0.1009918480477426
1930 0.1027441965597367
1931 0.10956551979217
1932 0.1207061915210677
1933 0.13083508866026
1934 0.1365193259931082
1935 0.1388312920782581
1936 0.1390138435421984
1937 0.1377624095567271
1938 0.1392967757456278
1939 0.1418443058517579
1940 0.1419990432212239
1941 0.1415282797519735
1942 0.1409537266025702
1943 0.1412339571067774
1944 0.1434821007885493
1945 0.1500380609077122
1946 0.1596505150508632
1947 0.1661751442251183
1948 0.1690078052979006
1949 0.1716524786503846
1950 0.1721305295873705
1951 0.1719871900670621
1952 0.173502909405525
1953 0.1752726507484548
1954 0.1784256100074238
1955 0.181424148197142
1956 0.1820436025028543
1957 0.1813296642412236
1958 0.1836170727192769
1959 0.1883863328994007
1960 0.1928072183530496
1961 0.191486051165854
1962 0.1881091528432884
1963 0.1867298926445182
1964 0.1877897717784081
1965 0.1918717787638666
1966 0.1968442265539982
1967 0.2035577339649187
1968 0.2118069636116315
1969 0.2214182871774771
1970 0.2303655992859393
1971 0.2397460517898789
1972 0.248985566691188
1973 0.2580483530426635
1974 0.2700906689059495
1975 0.2857360968063673
1976 0.3005207284825116
1977 0.3137963470849113
1978 0.3288010378020977
1979 0.3445396687060216
1980 0.3606074859342755
1981 0.3792077328025369
1982 0.3976288228886959
1983 0.4180605001785463
1984 0.4403717632198852
1985 0.4606404655572217
1986 0.4805387623554724
1987 0.4989933727470163
1988 0.517112586302441
1989 0.5369832208877483
1990 0.5569997538905154
1991 0.571495354976933
1992 0.5909712208802117
1993 0.6178337601803214
1994 0.6397711953240796
1995 0.6632291235693772
1996 0.6913884312658566
1997 0.7097888458052678
1998 0.7236485609960165
1999 0.7501853037564091
2000 0.7845599094803922
2001 0.8167999421496125
2002 0.8405073591272886
2003 0.8572162993864787
2004 0.8752392785157384
2005 0.8943299896191269
2006 0.9113372924646856
2007 0.9317169962575956
2008 0.9584474119364575
2009 0.9876881506672732
2010 1.015734256639629
2011 1.0435727620314317
2012 1.0692692603240173
2013 1.0949018633115324
2014 1.1201553726539852
2015 1.1503383781540375
2016 1.1855590595024623
2017 1.2178871955936263
2018 1.248037685325418
2019 1.2765893738846856
2020 1.303958739466976
2021 1.3322211054506892
2022 1.3630202842598464
2023 1.3960741208749456
2024 1.4304860381870947
2025 1.465032438023659
2026 1.4980712617555767
2027 1.528832524494074
2028 1.5572285819794411
2029 1.5834796373088758
2030 1.6085406488945928
2031 1.631254235061936
2032 1.6508597866105892
2033 1.6681848480573138
2034 1.6836826295599563
2035 1.6978566158774115
2036 1.711294250233686
2037 1.7243214850270336
2038 1.7369840609139835
2039 1.749223995423708
2040 1.761010525984277
2041 1.7721150892320074
2042 1.7823651839112846
2043 1.7917882526367526
2044 1.8004340766538518
2045 1.8083961807710245
2046 1.8156794947451795
2047 1.8221596211630533
2048 1.8278602778476971
2049 1.832973795050001
2050 1.8374957468950877
2051 1.841636848810394
2052 1.8450518900528148
2053 1.8476314485770573
2054 1.8497061097549945
2055 1.851251573380425
2056 1.8525174765352852
2057 1.8536460613592856
2058 1.8545696157057336
2059 1.8551627159766744
2060 1.8552576234200613
2061 1.854478099037988
2062 1.8527058257620843
2063 1.8501354217450925
2064 1.8468393446206204
2065 1.8430272347603145
2066 1.838858632965199
2067 1.8343170928134824
2068 1.829423264542828
2069 1.8241185917900304
2070 1.818483136492648
2071 1.812666503667055
2072 1.8066972579365064
2073 1.8006002004265478
2074 1.7943872795588962
2075 1.7880830421092366
2076 1.7816442601083728
2077 1.7750422593030148
2078 1.768399878231564
2079 1.7617220741053945
2080 1.754891213575106
2081 1.748248191667564
2082 1.7421279879208251
2083 1.7363987311712283
2084 1.730826050417714
2085 1.7252127501034098
2086 1.7194266477657751
2087 1.713528533972044
2088 1.7075889311659234
2089 1.701579536195032
2090 1.695386573221695
2091 1.6891145237128855
2092 1.6830368895527303
2093 1.67728731540623
2094 1.671839448688726
2095 1.666568160888474
2096 1.661048563345916
2097 1.6550070177282123
2098 1.6485529113014972
2099 1.6418048825175933
2100 1.6351715929567656
2101 1.628519061449325
2102 1.6215323757297166
2103 1.6143474323715976
2104 1.6070582879878532
2105 1.5997291965507257
2106 1.592402898578303
2107 1.5851068523490437
2108 1.5778577960305764
2109 1.570665038616391
2110 1.5635328115235243
2111 1.5635328115235243
2112 1.5635328115235243
