1750 281.61374284572344
1751 281.62712411563456
1752 281.65357351388303
1753 281.67945187624423
1754 281.7048618800296
1755 281.72989124965835
1756 281.7546172455916
1757 281.77914734036904
1758 281.80353727193307
1759 281.82780113109
1760 281.8519932854288
1761 281.8761596788442
1762 281.90039578699816
1763 281.92473321810047
1764 281.9491495827904
1765 281.97368522403434
1766 281.9983715840437
1767 282.0233046439505
1768 282.04849830473046
1769 282.07389599410504
1770 282.0995237850265
1771 282.12540769083427
1772 282.15164896922937
1773 282.17825826205654
1774 282.2051710770152
1775 282.2324049915775
1776 282.2599735551503
1777 282.2879778548972
1778 282.3164232059575
1779 282.34523360386135
1780 282.3744306061216
1781 282.4040316821017
1782 282.43415273661714
1783 282.46479387582247
1784 282.4958613417507
1785 282.52738273807955
1786 282.5593751511318
1787 282.5919777004739
1788 282.62518153392614
1789 282.65885417776406
1790 282.6930186173586
1791 282.7276991202756
1792 282.76304590621555
1793 282.7990955665025
1794 282.83571965969
1795 282.8728926829292
1796 282.9106296184043
1797 282.9490196742966
1798 282.9881377813293
1799 283.02797378382843
1800 283.06854346564893
1801 283.109898149886
1802 283.15195203586273
1803 283.1951113950044
1804 283.23906737421765
1805 283.2835368989905
1806 283.3288227259556
1807 283.3748422212224
1808 283.42180205861496
1809 283.4694530282188
1810 283.5176890550135
1811 283.5668361068677
1812 283.61701625739937
1813 283.66817512352395
1814 283.72021009365506
1815 283.77310920308014
1816 283.82695654117595
1817 283.88198422314434
1818 283.93821991878184
1819 283.9954018719024
1820 284.05346162821905
1821 284.11247090219547
1822 284.17248891613883
1823 284.2336122695914
1824 284.29599737598977
1825 284.35962173938435
1826 284.4244535755692
1827 284.49043978178184
1828 284.5577199257248
1829 284.62629468348314
1830 284.6958710859639
1831 284.7677828272789
1832 284.8416530473592
1833 284.9161710537628
1834 284.99191030851165
1835 285.0689820680864
1836 285.1473970991601
1837 285.22790695636337
1838 285.3103150647609
1839 285.3939958108048
1840 285.4792488350848
1841 285.56635089238017
1842 285.65529490452377
1843 285.7460467712784
1844 285.8385894800056
1845 285.9330462623033
1846 286.0300768548291
1847 286.1291679910684
1848 286.2302134392516
1849 286.3330879382262
1850 286.4375181395086
1851 286.544206110364
1852 286.6492658503606
1853 286.7629252158256
1854 286.8855639183259
1855 287.0058775434392
1856 287.124479831424
1857 287.2425100949745
1858 287.3619121715927
1859 287.4815241728002
1860 287.6027866412367
1861 287.72693765752695
1862 287.8544017485772
1863 287.9701695556931
1864 288.0743933039863
1865 288.18226378092385
1866 288.2926091455156
1867 288.40404669737006
1868 288.51630554124336
1869 288.6288328568916
1870 288.741612067128
1871 288.8548418690054
1872 288.9732386391618
1873 289.1164833825013
1874 289.2792995341641
1875 289.4388184030884
1876 289.5973194982895
1877 289.75836365189446
1878 289.9199804526499
1879 290.0819488185303
1880 290.24634112213164
1881 290.4180731453042
1882 290.6013105844424
1883 290.780533602741
1884 290.9526913797301
1885 291.1279321259228
1886 291.302849646565
1887 291.47757864267777
1888 291.65325774296383
1889 291.8345061899364
1890 292.0178988677035
1891 292.20245969748817
1892 292.390872895835
1893 292.58171086860114
1894 292.77168292041455
1895 292.96378456110165
1896 293.1641017568299
1897 293.3685515508337
1898 293.5760242259504
1899 293.7885424991184
1900 294.00981125923494
1901 294.23960782126863
1902 294.48625630526817
1903 294.74631662961417
1904 295.01786569465315
1905 295.30415168971587
1906 295.601754848586
1907 295.916275715975
1908 296.2522985949163
1909 296.59220031780745
1910 296.9255428653057
1911 297.26670720348966
1912 297.599194469802
1913 297.91697376665263
1914 298.23948658578666
1915 298.54626280628224
1916 298.8276012201555
1917 299.118833077842
1918 299.42794957808195
1919 299.7370936779546
1920 300.01910965850533
1921 300.3061333430304
1922 300.60463464450726
1923 300.8955387631688
1924 301.21885996632466
1925 301.56372223324024
1926 301.9060878138209
1927 302.24330430300535
1928 302.6028894218387
1929 302.9848188935733
1930 303.38023482837923
1931 303.7860386404421
1932 304.1608162421552
1933 304.4742329310933
1934 304.76320244141993
1935 305.08005726407373
1936 305.4186028896812
1937 305.7838936271576
1938 306.17465320611706
1939 306.55258471148795
1940 306.92483787527124
1941 307.3250092375497
1942 307.7356423217363
1943 308.14321376669983
1944 308.5562482417092
1945 308.9681837155785
1946 309.3293043760317
1947 309.69147171799347
1948 310.13396408247337
1949 310.6222371756237
1950 311.1102636499704
1951 311.6218645740784
1952 312.2298599211365
1953 312.89455888663434
1954 313.55365368140946
1955 314.2233850467875
1956 314.94264506180434
1957 315.7284292706665
1958 316.55260013531336
1959 317.3992952979881
1960 318.2621321204782
1961 319.1388873482454
1962 320.0325040572754
1963 320.94090065041735
1964 321.88156891164726
1965 322.86165860117217
1966 323.8803457255356
1967 324.93919997795626
1968 326.0345808308875
1969 327.165726639954
1970 328.3439629530665
1971 329.58579871478463
1972 330.8526955090172
1973 332.11979103336336
1974 333.43409847917826
1975 334.7560721254759
1976 336.034569083496
1977 337.3507581899047
1978 338.74191887443544
1979 340.17427892297786
1980 341.6267560180836
1981 343.04909324881385
1982 344.40794671684506
1983 345.7211805564732
1984 347.0533872798021
1985 348.4458433255638
1986 349.8717254262549
1987 351.3225358875403
1988 352.80716819579266
1989 354.33522923106807
1990 355.8943574707053
1991 357.421423994316
1992 358.94515079932063
1993 360.4910409153029
1994 362.000173403412
1995 363.48046109283615
1996 364.9785260973484
1997 366.5162470197306
1998 368.2253164131412
1999 369.92206538250207
2000 371.4209352647342
2001 372.92089379513664
2002 374.4150797719304
2003 375.9231760886139
2004 377.50748584010745
2005 379.2141297755461
2006 381.053825377372
2007 382.9740910927603
2008 384.9592275542125
2009 386.8903595472197
2010 388.731496696669
2011 390.6613085685967
2012 392.7440972577824
2013 394.8902129606264
2014 397.0800178247034
2015 399.3259745219196
2016 401.5541535409316
2017 403.7323730338301
2018 405.9049947966272
2019 408.0711713955708
2020 410.23086522241135
2021 412.3844536024884
2022 414.502830778674
2023 416.56142666335046
2024 418.5676773374728
2025 420.52574623040607
2026 422.438085240712
2027 424.2946269348525
2028 426.08631178635136
2029 427.8164236958783
2030 429.4873154880751
2031 431.1008189510094
2032 432.59841071694336
2033 433.9290944647206
2034 435.1062832917555
2035 436.13833557828286
2036 437.0308745449141
2037 437.8038657732208
2038 438.4743050231377
2039 439.0416129084828
2040 439.5062615102215
2041 439.8692367697732
2042 440.1603645122432
2043 440.40570451802887
2044 440.60042950340335
2045 440.7421188567963
2046 440.8296600343641
2047 440.8721576652754
2048 440.87786170922
2049 440.8449675866248
2050 440.7725376087551
2051 440.6601075993896
2052 440.5216567018687
2053 440.36952472690376
2054 440.200855948828
2055 440.0139200022468
2056 439.80761853899855
2057 439.586035207225
2058 439.35275972740624
2059 439.1062600588939
2060 438.8455197088778
2061 438.5698213164329
2062 438.2786253826274
2063 437.9714975715944
2064 437.6480688466949
2065 437.3080177158481
2066 436.9510580735782
2067 436.5743042048973
2068 436.1752114240651
2069 435.7540795144431
2070 435.3110366624578
2071 434.8461197341767
2072 434.35377374181456
2073 433.8290942761337
2074 433.2731301370027
2075 432.6865276367313
2076 432.0697076115549
2077 431.4274261051321
2078 430.763826823442
2079 430.0782154923061
2080 429.3701960399183
2081 428.6395413275171
2082 427.9006556381692
2083 427.16623089190136
2084 426.4333597546787
2085 425.70020717679233
2086 424.965550936212
2087 424.2308511282733
2088 423.4974943391187
2089 422.7644927862805
2090 422.0311107570871
2091 421.29676573160725
2092 420.5646061451458
2093 419.837413823638
2094 419.1141156933389
2095 418.3939304361792
2096 417.67624987744193
2097 416.96088752622654
2098 416.2476719105741
2099 415.53612834355465
2100 414.8258481867754
2101 414.11647198579885
2102 413.4143177642608
2103 412.72492263614834
2104 412.04670524523
2105 411.3785867512164
2106 410.719780631087
2107 410.0696748557777
2108 409.4277655208803
2109 408.79361918531873
2110 408.1668512449907
2111 408.1668512449907
2112 408.1668512449907
