1750 281.61374284572344
1751 281.62712411563456
1752 281.65357351388303
1753 281.67945187624423
1754 281.7048618800296
1755 281.72989124965835
1756 281.7546172455916
1757 281.77914734036904
1758 281.80353727193307
1759 281.82780113109
1760 281.8519932854288
1761 281.8761596788442
1762 281.90039578699816
1763 281.92473321810047
1764 281.9491495827904
1765 281.97368522403434
1766 281.9983715840437
1767 282.0233046439505
1768 282.04849830473046
1769 282.07389599410504
1770 282.0995237850265
1771 282.12540769083427
1772 282.15164896922937
1773 282.17825826205654
1774 282.2051710770152
1775 282.2324049915775
1776 282.2599735551503
1777 282.2879778548972
1778 282.3164232059575
1779 282.34523360386135
1780 282.3744306061216
1781 282.4040316821017
1782 282.43415273661714
1783 282.46479387582247
1784 282.4958613417507
1785 282.52738273807955
1786 282.5593751511318
1787 282.5919777004739
1788 282.62518153392614
1789 282.65885417776406
1790 282.6930186173586
1791 282.7276991202756
1792 282.76304590621555
1793 282.7990955665025
1794 282.83571965969
1795 282.8728926829292
1796 282.9106296184043
1797 282.9490196742966
1798 282.9881377813293
1799 283.02797378382843
1800 283.06854346564893
1801 283.109898149886
1802 283.15195203586273
1803 283.1951113950044
1804 283.23906737421765
1805 283.2835368989905
1806 283.3288227259556
1807 283.3748422212224
1808 283.42180205861496
1809 283.4694530282188
1810 283.5176890550135
1811 283.5668361068677
1812 283.61701625739937
1813 283.66817512352395
1814 283.72021009365506
1815 283.77310920308014
1816 283.82695654117595
1817 283.88198422314434
1818 283.93821991878184
1819 283.9954018719024
1820 284.05346162821905
1821 284.11247090219547
1822 284.17248891613883
1823 284.2336122695914
1824 284.29599737598977
1825 284.35962173938435
1826 284.4244535755692
1827 284.49043978178184
1828 284.5577199257248
1829 284.62629468348314
1830 284.6958710859639
1831 284.7677828272789
1832 284.8416530473592
1833 284.9161710537628
1834 284.99191030851165
1835 285.0689820680864
1836 285.1473970991601
1837 285.22790695636337
1838 285.3103150647609
1839 285.3939958108048
1840 285.4792488350848
1841 285.56635089238017
1842 285.65529490452377
1843 285.7460467712784
1844 285.8385894800056
1845 285.9330462623033
1846 286.0300768548291
1847 286.1291679910684
1848 286.2302134392516
1849 286.3330879382262
1850 286.4375181395086
1851 286.544206110364
1852 286.6492658503606
1853 286.7629252158256
1854 286.8855639183259
1855 287.0058775434392
1856 287.124479831424
1857 287.2425100949745
1858 287.3619121715927
1859 287.4815241728002
1860 287.6027866412367
1861 287.72693765752695
1862 287.8544017485772
1863 287.9701695556931
1864 288.0743933039863
1865 288.18226378092385
1866 288.2926091455156
1867 288.40404669737006
1868 288.51630554124336
1869 288.6288328568916
1870 288.741612067128
1871 288.8548418690054
1872 288.9732386391618
1873 289.1164833825013
1874 289.2792995341641
1875 289.4388184030884
1876 289.5973194982895
1877 289.75836365189446
1878 289.9199804526499
1879 290.0819488185303
1880 290.24634112213164
1881 290.4180731453042
1882 290.6013105844424
1883 290.780533602741
1884 290.9526913797301
1885 291.1279321259228
1886 291.302849646565
1887 291.47757864267777
1888 291.65325774296383
1889 291.8345061899364
1890 292.0178988677035
1891 292.20245969748817
1892 292.390872895835
1893 292.58171086860114
1894 292.77168292041455
1895 292.96378456110165
1896 293.1641017568299
1897 293.3685515508337
1898 293.5760242259504
1899 293.7885424991184
1900 294.00981125923494
1901 294.23960782126863
1902 294.48625630526817
1903 294.74631662961417
1904 295.01786569465315
1905 295.30415168971587
1906 295.601754848586
1907 295.916275715975
1908 296.2522985949163
1909 296.59220031780745
1910 296.9255428653057
1911 297.26670720348966
1912 297.599194469802
1913 297.91697376665263
1914 298.23948658578666
1915 298.54626280628224
1916 298.8276012201555
1917 299.118833077842
1918 299.42794957808195
1919 299.7370936779546
1920 300.01910965850533
1921 300.3061333430304
1922 300.60463464450726
1923 300.8955387631688
1924 301.21885996632466
1925 301.56372223324024
1926 301.9060878138209
1927 302.24330430300535
1928 302.6028894218387
1929 302.9848188935733
1930 303.38023482837923
1931 303.7860386404421
1932 304.1608162421552
1933 304.4742329310933
1934 304.76320244141993
1935 305.08005726407373
1936 305.4186028896812
1937 305.7838936271576
1938 306.17465320611706
1939 306.55258471148795
1940 306.92483787527124
1941 307.3250092375497
1942 307.7356423217363
1943 308.14321376669983
1944 308.5562482417092
1945 308.9681837155785
1946 309.3293043760317
1947 309.69147171799347
1948 310.13396408247337
1949 310.6222371756237
1950 311.1102636499704
1951 311.6218645740784
1952 312.2298599211365
1953 312.89455888663434
1954 313.55365368140946
1955 314.2233850467875
1956 314.94264506180434
1957 315.7284292706665
1958 316.55260013531336
1959 317.3992952979881
1960 318.2621321204782
1961 319.1388873482454
1962 320.0325040572754
1963 320.94090065041735
1964 321.88156891164726
1965 322.86165860117217
1966 323.8803457255356
1967 324.93919997795626
1968 326.0345808308875
1969 327.165726639954
1970 328.3439629530665
1971 329.58579871478463
1972 330.8526955090172
1973 332.11979103336336
1974 333.43409847917826
1975 334.7560721254759
1976 336.034569083496
1977 337.3507581899047
1978 338.74191887443544
1979 340.17427892297786
1980 341.6267560180836
1981 343.04909324881385
1982 344.40794671684506
1983 345.7211805564732
1984 347.0533872798021
1985 348.4458433255638
1986 349.8717254262549
1987 351.3225358875403
1988 352.80716819579266
1989 354.33522923106807
1990 355.8943574707053
1991 357.421423994316
1992 358.94515079932063
1993 360.4910409153029
1994 362.000173403412
1995 363.48046109283615
1996 364.9785260973484
1997 366.5162470197306
1998 368.2253164131412
1999 369.92206538250207
2000 371.4209352647342
2001 372.92089379513664
2002 374.4150797719304
2003 375.9231760886139
2004 377.50748584010745
2005 379.2141297755461
2006 381.053825377372
2007 382.9740910927603
2008 384.9592275542125
2009 386.8903595472197
2010 388.731496696669
2011 390.6613085685967
2012 392.7440972577824
2013 394.8902129606264
2014 397.0800178247034
2015 399.3259745219196
2016 401.5541535409316
2017 403.7177374372216
2018 405.8484767918246
2019 407.9486781152937
2020 410.0201104157841
2021 412.0642713276096
2022 414.0113264901421
2023 415.80168779860895
2024 417.45282649675823
2025 418.9752507126216
2026 420.3753733792292
2027 421.6918341777832
2028 422.9573286334919
2029 424.166564883338
2030 425.3169539804181
2031 426.4076223248953
2032 427.4415455037851
2033 428.4210010833955
2034 429.3450210570395
2035 430.2134394977648
2036 431.0265152784343
2037 431.7833753584215
2038 432.4835189894624
2039 433.1280147306459
2040 433.7177217387017
2041 434.2533474968467
2042 434.7240894176018
2043 435.1203936694883
2044 435.44487844293167
2045 435.6993410332734
2046 435.88513575990686
2047 436.01195503599024
2048 436.0882339598793
2049 436.11303026584926
2050 436.0860124084279
2051 436.0071865653797
2052 435.85878335476025
2053 435.6252738298955
2054 435.3104135225361
2055 434.9167360599888
2056 434.4461072188416
2057 433.8999987115196
2058 433.27967849358254
2059 432.5862454056849
2060 431.82064924006033
2061 430.9837231093144
2062 430.102465341784
2063 429.2005882690239
2064 428.2735307330093
2065 427.3186449409452
2066 426.3343683643852
2067 425.3197687149409
2068 424.2742653361985
2069 423.1974754819781
2070 422.0891340621895
2071 420.9490527054319
2072 419.80752367429216
2073 418.6911281029458
2074 417.59372462345937
2075 416.5114175015592
2076 415.4415861745674
2077 414.3823447758677
2078 413.3322407172951
2079 412.2900888290129
2080 411.25487801118754
2081 410.2257161386906
2082 409.1840207334996
2083 408.1135073140741
2084 407.0171026427563
2085 405.8964544651901
2086 404.7525098191338
2087 403.5858315011441
2088 402.3967675517876
2089 401.18554379527393
2090 399.9523217467423
2091 398.6972348503739
2092 397.4498386178
2093 396.2359348373861
2094 395.0495838818713
2095 393.88709186979366
2096 392.7460243546342
2097 391.6246813592363
2098 390.5217999990098
2099 389.43635092711565
2100 388.367430979515
2101 387.314204863216
2102 386.2739392034088
2103 385.24425661099536
2104 384.2249599952348
2105 383.21572111296416
2106 382.2161577090526
2107 381.22587332767057
2108 380.24447737297305
2109 379.271594742343
2110 378.3068700082904
2111 378.3068700082904
2112 378.3068700082904
