1750 281.61374284572344
1751 281.62712411563456
1752 281.65357351388303
1753 281.67945187624423
1754 281.7048618800296
1755 281.72989124965835
1756 281.7546172455916
1757 281.77914734036904
1758 281.80353727193307
1759 281.82780113109
1760 281.8519932854288
1761 281.8761596788442
1762 281.90039578699816
1763 281.92473321810047
1764 281.9491495827904
1765 281.97368522403434
1766 281.9983715840437
1767 282.0233046439505
1768 282.04849830473046
1769 282.07389599410504
1770 282.0995237850265
1771 282.12540769083427
1772 282.15164896922937
1773 282.17825826205654
1774 282.2051710770152
1775 282.2324049915775
1776 282.2599735551503
1777 282.2879778548972
1778 282.3164232059575
1779 282.34523360386135
1780 282.3744306061216
1781 282.4040316821017
1782 282.43415273661714
1783 282.46479387582247
1784 282.4958613417507
1785 282.52738273807955
1786 282.5593751511318
1787 282.5919777004739
1788 282.62518153392614
1789 282.65885417776406
1790 282.6930186173586
1791 282.7276991202756
1792 282.76304590621555
1793 282.7990955665025
1794 282.83571965969
1795 282.8728926829292
1796 282.9106296184043
1797 282.9490196742966
1798 282.9881377813293
1799 283.02797378382843
1800 283.06854346564893
1801 283.109898149886
1802 283.15195203586273
1803 283.1951113950044
1804 283.23906737421765
1805 283.2835368989905
1806 283.3288227259556
1807 283.3748422212224
1808 283.42180205861496
1809 283.4694530282188
1810 283.5176890550135
1811 283.5668361068677
1812 283.61701625739937
1813 283.66817512352395
1814 283.72021009365506
1815 283.77310920308014
1816 283.82695654117595
1817 283.88198422314434
1818 283.93821991878184
1819 283.9954018719024
1820 284.05346162821905
1821 284.11247090219547
1822 284.17248891613883
1823 284.2336122695914
1824 284.29599737598977
1825 284.35962173938435
1826 284.4244535755692
1827 284.49043978178184
1828 284.5577199257248
1829 284.62629468348314
1830 284.6958710859639
1831 284.7677828272789
1832 284.8416530473592
1833 284.9161710537628
1834 284.99191030851165
1835 285.0689820680864
1836 285.1473970991601
1837 285.22790695636337
1838 285.3103150647609
1839 285.3939958108048
1840 285.4792488350848
1841 285.56635089238017
1842 285.65529490452377
1843 285.7460467712784
1844 285.8385894800056
1845 285.9330462623033
1846 286.0300768548291
1847 286.1291679910684
1848 286.2302134392516
1849 286.3330879382262
1850 286.4375181395086
1851 286.544206110364
1852 286.6492658503606
1853 286.7629252158256
1854 286.8855639183259
1855 287.0058775434392
1856 287.124479831424
1857 287.2425100949745
1858 287.3619121715927
1859 287.4815241728002
1860 287.6027866412367
1861 287.72693765752695
1862 287.8544017485772
1863 287.9701695556931
1864 288.0743933039863
1865 288.18226378092385
1866 288.2926091455156
1867 288.40404669737006
1868 288.51630554124336
1869 288.6288328568916
1870 288.741612067128
1871 288.8548418690054
1872 288.9732386391618
1873 289.1164833825013
1874 289.2792995341641
1875 289.4388184030884
1876 289.5973194982895
1877 289.75836365189446
1878 289.9199804526499
1879 290.0819488185303
1880 290.24634112213164
1881 290.4180731453042
1882 290.6013105844424
1883 290.780533602741
1884 290.9526913797301
1885 291.1279321259228
1886 291.302849646565
1887 291.47757864267777
1888 291.65325774296383
1889 291.8345061899364
1890 292.0178988677035
1891 292.20245969748817
1892 292.390872895835
1893 292.58171086860114
1894 292.77168292041455
1895 292.96378456110165
1896 293.1641017568299
1897 293.3685515508337
1898 293.5760242259504
1899 293.7885424991184
1900 294.00981125923494
1901 294.23960782126863
1902 294.48625630526817
1903 294.74631662961417
1904 295.01786569465315
1905 295.30415168971587
1906 295.601754848586
1907 295.916275715975
1908 296.2522985949163
1909 296.59220031780745
1910 296.9255428653057
1911 297.26670720348966
1912 297.599194469802
1913 297.91697376665263
1914 298.23948658578666
1915 298.54626280628224
1916 298.8276012201555
1917 299.118833077842
1918 299.42794957808195
1919 299.7370936779546
1920 300.01910965850533
1921 300.3061333430304
1922 300.60463464450726
1923 300.8955387631688
1924 301.21885996632466
1925 301.56372223324024
1926 301.9060878138209
1927 302.24330430300535
1928 302.6028894218387
1929 302.9848188935733
1930 303.38023482837923
1931 303.7860386404421
1932 304.1608162421552
1933 304.4742329310933
1934 304.76320244141993
1935 305.08005726407373
1936 305.4186028896812
1937 305.7838936271576
1938 306.17465320611706
1939 306.55258471148795
1940 306.92483787527124
1941 307.3250092375497
1942 307.7356423217363
1943 308.14321376669983
1944 308.5562482417092
1945 308.9681837155785
1946 309.3293043760317
1947 309.69147171799347
1948 310.13396408247337
1949 310.6222371756237
1950 311.1102636499704
1951 311.6218645740784
1952 312.2298599211365
1953 312.89455888663434
1954 313.55365368140946
1955 314.2233850467875
1956 314.94264506180434
1957 315.7284292706665
1958 316.55260013531336
1959 317.3992952979881
1960 318.2621321204782
1961 319.1388873482454
1962 320.0325040572754
1963 320.94090065041735
1964 321.88156891164726
1965 322.86165860117217
1966 323.8803457255356
1967 324.93919997795626
1968 326.0345808308875
1969 327.165726639954
1970 328.3439629530665
1971 329.58579871478463
1972 330.8526955090172
1973 332.11979103336336
1974 333.43409847917826
1975 334.7560721254759
1976 336.034569083496
1977 337.3507581899047
1978 338.74191887443544
1979 340.17427892297786
1980 341.6267560180836
1981 343.04909324881385
1982 344.40794671684506
1983 345.7211805564732
1984 347.0533872798021
1985 348.4458433255638
1986 349.8717254262549
1987 351.3225358875403
1988 352.80716819579266
1989 354.33522923106807
1990 355.8943574707053
1991 357.421423994316
1992 358.94515079932063
1993 360.4910409153029
1994 362.000173403412
1995 363.48046109283615
1996 364.9785260973484
1997 366.5162470197306
1998 368.2253164131412
1999 369.92206538250207
2000 371.4209352647342
2001 372.92089379513664
2002 374.4150797719304
2003 375.9231760886139
2004 377.50748584010745
2005 379.2141297755461
2006 381.053825377372
2007 382.9740910927603
2008 384.9592275542125
2009 386.8903595472197
2010 388.731496696669
2011 390.6613085685967
2012 392.7440972577824
2013 394.8902129606264
2014 397.0800178247034
2015 399.3259745219196
2016 401.5541535409316
2017 403.7565373208584
2018 405.99884533591046
2019 408.2758199805363
2020 410.5848170352581
2021 412.9245143929009
2022 415.137094783178
2023 417.08586703795766
2024 418.8031078535208
2025 420.30729761400784
2026 421.60978685056216
2027 422.7113455974919
2028 423.6115827235122
2029 424.316404772196
2030 424.8306107928781
2031 425.1583291062726
2032 425.3614671575476
2033 425.4939727709936
2034 425.5468541343089
2035 425.5158053922841
2036 425.3989966309575
2037 425.21445548460406
2038 424.9783285876674
2039 424.6870506666684
2040 424.33887223774
2041 423.9330211189239
2042 423.4828749733017
2043 423.0003652623975
2044 422.48290044372834
2045 421.9290222199286
2046 421.33789082285045
2047 420.728031931496
2048 420.11577804362616
2049 419.49709841695005
2050 418.8694804820009
2051 418.2312540416923
2052 417.5908037498008
2053 416.9555419613436
2054 416.3227194530396
2055 415.6904699155691
2056 415.0574302005036
2057 414.4282711002217
2058 413.80711653589583
2059 413.1920304795864
2060 412.5816073699405
2061 411.97475163168326
2062 411.37661592424536
2063 410.7917100861656
2064 410.21810768880266
2065 409.65441508518336
2066 409.0995481185127
2067 408.5526106803983
2068 408.0128283712821
2069 407.4795117268005
2070 406.9520353269127
2071 406.42982553472245
2072 405.9158448033278
2073 405.41264881918727
2074 404.9190668046778
2075 404.43423225740986
2076 403.95745751854224
2077 403.48816564469456
2078 403.02585317009766
2079 402.570069352008
2080 402.1204041348
2081 401.6764808443015
2082 401.2385479173348
2083 400.8068077192489
2084 400.38084610906606
2085 399.9603135519026
2086 399.5449032339205
2087 399.13433906743774
2088 398.7283688187912
2089 398.3267598265828
2090 397.9292962138169
2091 397.5357770411541
2092 397.147609671363
2093 396.7660108240866
2094 396.3904920941517
2095 396.0207011542639
2096 395.6563642083287
2097 395.29725490852513
2098 394.9431774500899
2099 394.5939572162082
2100 394.2494354317896
2101 393.90946594239375
2102 393.5729384392042
2103 393.23887270258217
2104 392.9073441022108
2105 392.57836137096194
2106 392.2519001883285
2107 391.9279206907575
2108 391.606376515714
2109 391.28721940414016
2110 390.970401482957
2111 390.970401482957
2112 390.970401482957
