1750 281.7370964984279
1751 281.7485986653492
1752 281.77216061673306
1753 281.79613182779246
1754 281.81969976954434
1755 281.8427830641242
1756 281.86545497826785
1757 281.887845261764
1758 281.9100363637822
1759 281.93206874414415
1760 281.95401310864906
1761 281.9759271067951
1762 281.9979132399257
1763 282.02000549811254
1764 282.04218509905405
1765 282.06449238962324
1766 282.08695882371774
1767 282.1096801193612
1768 282.1326664220145
1769 282.1558642386067
1770 282.1793015486831
1771 282.20299669242485
1772 282.2270385905304
1773 282.2514290133027
1774 282.2761039994899
1775 282.30108766055315
1776 282.3263961639606
1777 282.3521183342299
1778 282.3782517110012
1779 282.4047268932296
1780 282.431564791586
1781 282.458777510787
1782 282.48647502699174
1783 282.51465070483283
1784 282.54320980642166
1785 282.5721771446463
1786 282.60156864808715
1787 282.6315210467809
1788 282.6620230753091
1789 282.6929537262646
1790 282.7243412495827
1791 282.7561999175585
1792 282.7886641095424
1793 282.8217587188657
1794 282.855359175433
1795 282.8894550791037
1796 282.9240700939841
1797 282.95928072441785
1798 282.9951511467326
1799 283.03167774093566
1800 283.0688778438123
1801 283.10679707260743
1802 283.1453508915427
1803 283.1849265998872
1804 283.2252142526395
1805 283.26594579051323
1806 283.3074212574696
1807 283.3495615701273
1808 283.39256714200013
1809 283.43620241154133
1810 283.4803768834502
1811 283.52539589029027
1812 283.5713591430971
1813 283.61820278670257
1814 283.6658280908794
1815 283.7142430753814
1816 283.76354198557453
1817 283.81393553604534
1818 283.8654370020301
1819 283.917803233103
1820 283.9709775141176
1821 284.02502554263833
1822 284.0800025980786
1823 284.1359958242938
1824 284.1931433381064
1825 284.2514155146434
1826 284.3107900883547
1827 284.37122537694574
1828 284.4328561074588
1829 284.49569312890407
1830 284.5594655192334
1831 284.62544552902125
1832 284.6932256601964
1833 284.7615428549341
1834 284.8309760371028
1835 284.901641206251
1836 284.97356024835943
1837 285.0474438332418
1838 285.12308315577053
1839 285.19989467585793
1840 285.2781820521776
1841 285.35819317257835
1842 285.4399151559933
1843 285.52331767930946
1844 285.60836703397365
1845 285.6951672228232
1846 285.7843636890876
1847 285.87546558659886
1848 285.9683845530947
1849 286.063022282677
1850 286.15912749353646
1851 286.2573607083983
1852 286.3539527404677
1853 286.45878357574946
1854 286.5719884084816
1855 286.682748102983
1856 286.7919389980666
1857 286.9006081862134
1858 287.01057119477724
1859 287.1206949059442
1860 287.2324040708508
1861 287.3468593010123
1862 287.46444507625046
1863 287.5707243801371
1864 287.6661600277558
1865 287.76534478969506
1866 287.8668453041556
1867 287.96940452067525
1868 288.0728253815228
1869 288.176612016758
1870 288.280755866256
1871 288.3854072424699
1872 288.49506865318256
1873 288.6285284239475
1874 288.78027580736
1875 288.9284652616815
1876 289.0757706215705
1877 289.2254800036901
1878 289.37556725479163
1879 289.52587230823093
1880 289.6784258579469
1881 289.83794895910574
1882 290.00836817918633
1883 290.1746476813654
1884 290.33416093167216
1885 290.49675193027184
1886 290.65895055511584
1887 290.8209788477303
1888 290.983958509873
1889 291.1523836453269
1890 291.3228938373742
1891 291.4946047701619
1892 291.67010353856585
1893 291.8478985029102
1894 292.024816061553
1895 292.20388174244846
1896 292.39096143787435
1897 292.58193885084984
1898 292.7758064561606
1899 292.9745973998081
1900 293.181887024285
1901 293.397402907929
1902 293.6291682712729
1903 293.87363169674
1904 294.12896767499694
1905 294.3983910301268
1906 294.6785938971827
1907 294.975062356318
1908 295.2921505138529
1909 295.6127381231814
1910 295.92697465113343
1911 296.2489562971541
1912 296.5623979004512
1913 296.8616629957684
1914 297.16578248839284
1915 297.4546633662814
1916 297.71923468202266
1917 297.9939527539232
1918 298.2860739273866
1919 298.57825626218045
1920 298.84437810757663
1921 299.11602613168617
1922 299.3988031739229
1923 299.6738660031593
1924 299.9806807097025
1925 300.3083160436899
1926 300.63350650777187
1927 300.9539905805956
1928 301.2966320277965
1929 301.66097885134764
1930 302.03844819055905
1931 302.42622527085416
1932 302.7837004528427
1933 303.081489586013
1934 303.3560204641072
1935 303.6580326671374
1936 303.98100905057913
1937 304.33033220510265
1938 304.7049490475119
1939 305.06736220146007
1940 305.42493334510453
1941 305.8104342127561
1942 306.20630477288864
1943 306.5995958671345
1944 306.9988843258592
1945 307.3974682717083
1946 307.7464261519125
1947 308.0968812144109
1948 308.52572969061026
1949 308.9984394052834
1950 309.47082595323764
1951 309.96724548283305
1952 310.55887541331214
1953 311.20549225242985
1954 311.84652998998376
1955 312.49900487124563
1956 313.200894525886
1957 313.9686618420468
1958 314.7749861435444
1959 315.6045463710545
1960 316.4506543893967
1961 317.3111107867129
1962 318.1895397722336
1963 319.08457101500005
1964 320.0138069047576
1965 320.9839846320535
1966 321.99366184736306
1967 323.0443059247797
1968 324.1326596766068
1969 325.2581292061984
1970 326.4318457744994
1971 327.6704225355671
1972 328.9360875787842
1973 330.2050667170346
1974 331.5245098612407
1975 332.8538172196651
1976 334.14139158288
1977 335.46881717622813
1978 336.8738267647035
1979 338.32293007498
1980 339.7952049020785
1981 341.2402194635501
1982 342.6240651993945
1983 343.96488393108604
1984 345.32719058480313
1985 346.7508946984714
1986 348.20946700259253
1987 349.69574873124174
1988 351.2195084285242
1989 352.79110136869275
1990 354.39764293706696
1991 355.9749348059746
1992 357.5541588515164
1993 359.16088257291625
1994 360.7311034679923
1995 362.2731841289278
1996 363.8362500699818
1997 365.4401720126056
1998 367.22046182628185
1999 368.9964708445623
2000 370.57587678429206
2001 372.1523272702241
2002 373.7188331573119
2003 375.3003305366209
2004 376.9649855356653
2005 378.760746912654
2006 380.69788859685
2007 382.7239218711952
2008 384.8229548340189
2009 386.8716692092462
2010 388.8303181631819
2011 390.8812061994772
2012 393.0925452840178
2013 395.3745953711539
2014 397.7075148953084
2015 400.1041776318123
2016 402.4890203361916
2017 404.82798861910106
2018 407.1661540521209
2019 409.5035754910416
2020 411.8410146173861
2021 414.1793949606757
2022 416.4814417373872
2023 418.71420658635856
2024 420.88544976381775
2025 423.0000764922901
2026 425.0613688014828
2027 427.0716723930433
2028 429.03277207732935
2029 430.94609987001616
2030 432.8128528174253
2031 434.63406165134575
2032 436.3918475991792
2033 438.0705368560364
2034 439.674490127301
2035 441.20650541493393
2036 442.668515826149
2037 444.0619575100379
2038 445.3879649497617
2039 446.6474781975909
2040 447.8413040664736
2041 448.9701525915586
2042 450.0326857409986
2043 451.0276803270058
2044 451.9559847482468
2045 452.8183492222763
2046 453.6154340210064
2047 454.3478236576983
2048 455.0160410789893
2049 455.62055978437866
2050 456.16181348961913
2051 456.6402036306084
2052 457.0628912867394
2053 457.4364152012614
2054 457.76008613199633
2055 458.03349672741297
2056 458.256427304638
2057 458.428780889437
2058 458.5505405060389
2059 458.6217414007255
2060 458.642453115241
2061 458.6127679959605
2062 458.5412108292998
2063 458.4355355380343
2064 458.29454142423526
2065 458.1174258449894
2066 457.9036499835029
2067 457.6528513143543
2068 457.3647869793074
2069 457.0392967635193
2070 456.6762786687819
2071 456.275672672288
2072 455.8270230910554
2073 455.3208137651669
2074 454.7586365910093
2075 454.1416710695994
2076 453.4708156209029
2077 452.7467782125035
2078 451.9701379331047
2079 451.1413869251742
2080 450.2609590273898
2081 449.3292494103853
2082 448.3628339672812
2083 447.3768520035864
2084 446.3691899521768
2085 445.3383772173747
2086 444.2833890708315
2087 443.2035110613495
2088 442.0982461565299
2089 440.9672509138076
2090 439.8102914759493
2091 438.6272131548791
2092 437.44750783878
2093 436.2981008807356
2094 435.1744444202431
2095 434.0731911978487
2096 432.9918347553079
2097 431.9284598630202
2098 430.88156919440064
2099 429.8499627402396
2100 428.83265378533673
2101 427.8288102634172
2102 426.8426456863755
2103 425.8780201954772
2104 424.93360503150734
2105 424.0083198868556
2106 423.10126311019945
2107 422.21166297858827
2108 421.3388436180568
2109 420.4822011346856
2110 419.641186843853
2111 419.641186843853
2112 419.641186843853
