1750 281.7370964984261
1751 281.74859866534683
1752 281.7721606167293
1753 281.7961318277873
1754 281.81969976953934
1755 281.84278306411977
1756 281.86545497826205
1757 281.8878452617544
1758 281.91003636377224
1759 281.9320687441391
1760 281.9540131086436
1761 281.9759271067895
1762 281.99791323992474
1763 282.02000549811265
1764 282.0421850990556
1765 282.0644923896272
1766 282.0869588237227
1767 282.1096801193675
1768 282.13266642202365
1769 282.1558642386168
1770 282.17930154869134
1771 282.20299669243064
1772 282.22703859053274
1773 282.25142901330526
1774 282.2761039994965
1775 282.301087660561
1776 282.32639616396915
1777 282.35211833423955
1778 282.3782517110105
1779 282.40472689324
1780 282.4315647915982
1781 282.458777510799
1782 282.4864750270042
1783 282.5146507048457
1784 282.5432098064335
1785 282.57217714465963
1786 282.6015686480995
1787 282.6315210467928
1788 282.66202307532217
1789 282.6929537262791
1790 282.72434124959904
1791 282.7561999175755
1792 282.7886641095614
1793 282.82175871888745
1794 282.8553591754561
1795 282.889455079128
1796 282.924070094012
1797 282.9592807244481
1798 282.9951511467629
1799 283.0316777409675
1800 283.068877843845
1801 283.1067970726384
1802 283.14535089157323
1803 283.184926599916
1804 283.2252142526683
1805 283.26594579054625
1806 283.3074212575043
1807 283.3495615701606
1808 283.3925671420342
1809 283.4362024115758
1810 283.48037688348387
1811 283.52539589032415
1812 283.5713591431316
1813 283.6182027867355
1814 283.66582809091034
1815 283.71424307541287
1816 283.76354198560546
1817 283.81393553607666
1818 283.86543700205976
1819 283.91780323312827
1820 283.970977514117
1821 284.0250255426311
1822 284.0800025980805
1823 284.1359958242694
1824 284.19314333806017
1825 284.2514155145841
1826 284.3107900883033
1827 284.37122537689135
1828 284.43285610740173
1829 284.4956931288725
1830 284.55946551919027
1831 284.6254455289568
1832 284.69322566014944
1833 284.76154285490964
1834 284.830976037056
1835 284.9016412061612
1836 284.9735602482505
1837 285.0474438331447
1838 285.12308315570874
1839 285.1998946758165
1840 285.2781820521402
1841 285.35819317255647
1842 285.4399151560037
1843 285.5233176793575
1844 285.60836703403214
1845 285.6951672228563
1846 285.7843636890842
1847 285.87546558656555
1848 285.9683845530654
1849 286.06302228267924
1850 286.15912749357705
1851 286.25736070847995
1852 286.35395274057555
1853 286.4587835758824
1854 286.5719884086045
1855 286.68274810305934
1856 286.7919389981462
1857 286.90060818630576
1858 287.01057119487695
1859 287.1206949060848
1860 287.23240407099445
1861 287.3468593011427
1862 287.4644450763768
1863 287.57072438025085
1864 287.66616002786657
1865 287.7653447897869
1866 287.8668453042043
1867 287.9694045206804
1868 288.0728253815104
1869 288.1766120167671
1870 288.2807558662811
1871 288.3854072425108
1872 288.49506865322405
1873 288.62852842397484
1874 288.7802758074059
1875 288.9284652617421
1876 289.0757706216252
1877 289.22548000371387
1878 289.3755672547727
1879 289.5258723081883
1880 289.67842585787986
1881 289.83794895901354
1882 290.00836817907503
1883 290.1746476812244
1884 290.33416093153795
1885 290.49675193019016
1886 290.65895055505484
1887 290.8209788476547
1888 290.9839585098018
1889 291.15238364527914
1890 291.322893837304
1891 291.4946047700621
1892 291.6701035385128
1893 291.847898502912
1894 292.02481606159887
1895 292.20388174251065
1896 292.39096143792585
1897 292.5819388509089
1898 292.7758064562219
1899 292.9745973999006
1900 293.1818870243978
1901 293.3974029080273
1902 293.62916827138685
1903 293.8736316968739
1904 294.12896767516366
1905 294.39839103031835
1906 294.67859389738527
1907 294.97506235652486
1908 295.2921505140731
1909 295.6127381234373
1910 295.9269746513937
1911 296.24895629736346
1912 296.5623979006368
1913 296.8616629959762
1914 297.165782488584
1915 297.45466336642005
1916 297.7192346820843
1917 297.99395275392783
1918 298.2860739273904
1919 298.57825626221126
1920 298.8443781076032
1921 299.1160261316985
1922 299.3988031739368
1923 299.67386600313813
1924 299.980680709628
1925 300.30831604359645
1926 300.63350650766074
1927 300.95399058047366
1928 301.29663202769365
1929 301.66097885127976
1930 302.0384481905552
1931 302.42622527088764
1932 302.7837004528557
1933 303.08148958601254
1934 303.35602046413135
1935 303.6580326671782
1936 303.981009050596
1937 304.3303322051259
1938 304.7049490475487
1939 305.0673622014861
1940 305.4249333451266
1941 305.81043421274944
1942 306.2063047728521
1943 306.59959586705924
1944 306.9988843257459
1945 307.39746827159985
1946 307.74642615181705
1947 308.0968812143104
1948 308.52572969049174
1949 308.99843940518616
1950 309.470825953166
1951 309.9672454827489
1952 310.55887541319726
1953 311.20549225231724
1954 311.8465299898766
1955 312.49900487114945
1956 313.20089452584745
1957 313.96866184200184
1958 314.7749861434637
1959 315.60454637098786
1960 316.4506543893667
1961 317.31111078670546
1962 318.1895397723094
1963 319.0845710153205
1964 320.01380690538457
1965 320.9839846325437
1966 321.99366184735175
1967 323.0443059247961
1968 324.13265967658685
1969 325.25812920570894
1970 326.4318457740436
1971 327.67042253535294
1972 328.9360875785959
1973 330.2050667167288
1974 331.5245098607922
1975 332.85381721947874
1976 334.1413915829081
1977 335.46881717589554
1978 336.87382676395515
1979 338.3229300738862
1980 339.7952049010286
1981 341.2402194628359
1982 342.6240651986315
1983 343.9648839303961
1984 345.32719058449663
1985 346.7508946985972
1986 348.2094670028187
1987 349.6957487312687
1988 351.2195084284989
1989 352.7911013689154
1990 354.39764293739427
1991 355.97493480625565
1992 357.5541588517133
1993 359.1608825728491
1994 360.7311034677783
1995 362.2731841289136
1996 363.83625007017366
1997 365.44017201259385
1998 367.2204618261575
1999 368.9964708442751
2000 370.5758767839389
2001 372.1523272698152
2002 373.7188331569645
2003 375.3003305368093
2004 376.96498553636985
2005 378.76074691369087
2006 380.69788859774775
2007 382.7239218719491
2008 384.8229548347391
2009 386.87166921011567
2010 388.8303181644517
2011 390.88120620099807
2012 393.0925452853266
2013 395.3745953722073
2014 397.7075148964291
2015 400.10417763321095
2016 402.4890189926247
2017 404.8111232471848
2018 407.100791279792
2019 409.3614438826386
2020 411.595924922877
2021 413.8065099649806
2022 415.9217282418669
2023 417.87867971394905
2024 419.6927195237183
2025 421.3731825473493
2026 422.92587689533474
2027 424.39024681210674
2028 425.8007260820849
2029 427.153058489184
2030 428.4450274252735
2031 429.6757625799902
2032 430.8483355962453
2033 431.96553320037583
2034 433.02686876163
2035 434.03238257723416
2036 434.9822643550253
2037 435.8753240753324
2038 436.7107037179445
2039 437.48916670686015
2040 438.2112596741897
2041 438.8773552090495
2042 439.4760928638966
2043 439.9972646803271
2044 440.4431178454495
2045 440.8152842306192
2046 441.11497849849377
2047 441.3519708232624
2048 441.5349749327321
2049 441.6631504202107
2050 441.7360458812626
2051 441.7534365877437
2052 441.696918491129
2053 441.5500917839991
2054 441.31617062508064
2055 440.9973808373328
2056 440.595363435489
2057 440.1113821396928
2058 439.5464761786576
2059 438.9015284017989
2060 438.1773096748111
2061 437.374513821007
2062 436.5207105296779
2063 435.6408389497126
2064 434.7310826350752
2065 433.7889180396216
2066 432.8126786842653
2067 431.8012747025714
2068 430.7539853808746
2069 429.6703309830233
2070 428.5499967167335
2071 427.3927872768677
2072 426.2297672195001
2073 425.0890733740475
2074 423.9656040498278
2075 422.8557497344472
2076 421.7568981145433
2077 420.6671077111709
2078 419.5848929387296
2079 418.5090829084613
2080 417.43872551905736
2081 416.3730219615637
2082 415.2930747455914
2083 414.1818384231088
2084 413.0417961046224
2085 411.8746239399613
2086 410.68146591804367
2087 409.4631161815342
2088 408.22013693895536
2089 406.95293762546015
2090 405.66183204729896
2091 404.347075605833
2092 403.03899651836895
2093 401.7649120838783
2094 400.51990165578655
2095 399.3004908651477
2096 398.1041689629656
2097 396.9290841826317
2098 395.7738319872649
2099 394.6372853967639
2100 393.518496640539
2101 392.4166393810973
2102 391.32896857114986
2103 390.2530289654288
2104 389.1885839361504
2105 388.1353408079776
2106 387.0929764599189
2107 386.0611536051935
2108 385.0395311748733
2109 384.0277708600014
2110 383.02554115654607
2111 383.02554115654607
2112 383.02554115654607
