1750 -0.0557686552919045
1751 -0.0564924933889393
1752 -0.0575635306040169
1753 -0.058176887620485
1754 -0.0583731494052762
1755 -0.0582562802263304
1756 -0.0581930748181642
1757 -0.0578140801760328
1758 -0.0573637356324214
1759 -0.0572431593158823
1760 -0.0572549400399526
1761 -0.0571148383933724
1762 -0.0570614385161647
1763 -0.0570121177483282
1764 -0.0568186504989021
1765 -0.0565071387089248
1766 -0.0561207498213368
1767 -0.0557729143462203
1768 -0.0552329919149026
1769 -0.0548816078981439
1770 -0.0547506636119205
1771 -0.0546750745886584
1772 -0.0546058846596053
1773 -0.054457751627094
1774 -0.0541225110637494
1775 -0.0536732002378559
1776 -0.0535014020803303
1777 -0.0531622390798218
1778 -0.0525712254406355
1779 -0.0523384327533876
1780 -0.052266587910384
1781 -0.0520189758283169
1782 -0.0519098963036328
1783 -0.0519250361736644
1784 -0.0517766932538019
1785 -0.0515752708350566
1786 -0.0513680996415279
1787 -0.0510668122783656
1788 -0.0505026006269632
1789 -0.0501385336390215
1790 -0.0499744504413389
1791 -0.0498922545516547
1792 -0.049850628171247
1793 -0.0498011974176686
1794 -0.0495536571087809
1795 -0.0491464674777124
1796 -0.049069258220871
1797 -0.0487869435340542
1798 -0.0481676490894416
1799 -0.0478321892359554
1800 -0.0476869985306627
1801 -0.0473896388141047
1802 -0.0471717923129144
1803 -0.0470822120504681
1804 -0.0467312822212035
1805 -0.0462860843527042
1806 -0.0458234685207167
1807 -0.0452839027618337
1808 -0.0444987959213166
1809 -0.0439073058558844
1810 -0.0435225329192977
1811 -0.0431305827106492
1812 -0.0428328404579638
1813 -0.0425483955543034
1814 -0.0420516674167035
1815 -0.0414169334616565
1816 -0.0410358709015962
1817 -0.0405539792615112
1818 -0.0397554314972761
1819 -0.0392061775905805
1820 -0.038887488386544
1821 -0.0384088609757618
1822 -0.0380842099183552
1823 -0.0379230224062332
1824 -0.0374423917221628
1825 -0.0368913723037902
1826 -0.0364268170595561
1827 -0.0358774557239865
1828 -0.0350670126246178
1829 -0.0344514349153126
1830 -0.0340487442457124
1831 -0.0337399817491718
1832 -0.033502778509429
1833 -0.0332675633835411
1834 -0.0328754009017002
1835 -0.0323694948363429
1836 -0.032075995167568
1837 -0.0316979708075356
1838 -0.0310820989517558
1839 -0.0306978163645784
1840 -0.0306103912992721
1841 -0.0302280847792835
1842 -0.0299020167119362
1843 -0.0298118281734328
1844 -0.0292892067584792
1845 -0.0285030224882591
1846 -0.0277096381856391
1847 -0.0267963378170601
1848 -0.0257860910764953
1849 -0.0250415502272113
1850 -0.0245181225172052
1851 -0.0241426829492749
1852 -0.0238666575431994
1853 -0.0234063219823413
1854 -0.0225602466893833
1855 -0.021578828890581
1856 -0.0208813738188397
1857 -0.0199332267260521
1858 -0.0186647587830403
1859 -0.0176626460998848
1860 -0.0169318700152969
1861 -0.0160071056896745
1862 -0.0150492025884827
1863 -0.0142241352288016
1864 -0.0131077200336715
1865 -0.0117241770119056
1866 -0.0103866397619254
1867 -0.0089926744541631
1868 -0.0073779928780169
1869 -0.0060692311754327
1870 -0.0049405870199061
1871 -0.0039556531960216
1872 -0.0033772558121893
1873 -0.0026639688762867
1874 -0.0015401968838215
1875 -0.0005029221510548
1876 0.0003178014404213
1877 0.0013580666895806
1878 0.0026584918852813
1879 0.0038284931546224
1880 0.004635814671004
1881 0.0056200188211484
1882 0.0066184100536661
1883 0.0073331666564633
1884 0.008416846842455
1885 0.0097592923123917
1886 0.0111268587866604
1887 0.0125947978527954
1888 0.0140525796436794
1889 0.0154337365977147
1890 0.0167383841338737
1891 0.0178150101304335
1892 0.0188041202577553
1893 0.0200562392124606
1894 0.0216606804480198
1895 0.0232041631523321
1896 0.02412695406446
1897 0.0251856963447537
1898 0.0265393939893795
1899 0.0276364608594084
1900 0.0285447207756927
1901 0.0296334079071024
1902 0.0309114662181285
1903 0.0320117265630991
1904 0.0335753947780688
1905 0.0356192954966429
1906 0.0375803877960555
1907 0.03951324966645
1908 0.0420014187227019
1909 0.0445424764960957
1910 0.0468643729630368
1911 0.0491556301402788
1912 0.0510209672494006
1913 0.0525967199685667
1914 0.0549148449917967
1915 0.0574647008894496
1916 0.0592242013555449
1917 0.0609822586116767
1918 0.0633505373590667
1919 0.0668729617936666
1920 0.0702580174262642
1921 0.073778929986656
1922 0.0771035206202622
1923 0.0795213438206081
1924 0.0813473427969182
1925 0.0830448545575476
1926 0.0845528500956377
1927 0.0860435016297833
1928 0.0879178689666395
1929 0.0898331624144261
1930 0.0927313599873808
1931 0.0963964478948033
1932 0.1007815827174764
1933 0.1043967567774849
1934 0.1067598702352208
1935 0.1084694440675782
1936 0.1101596785763864
1937 0.1116380543541051
1938 0.1135282326937134
1939 0.1161005098443047
1940 0.1177859567103059
1941 0.1189467437451815
1942 0.1206353587602379
1943 0.122968123629345
1944 0.1260479134659039
1945 0.1303332954444027
1946 0.1347514152020418
1947 0.1373736713708993
1948 0.1396003543676973
1949 0.1425364170478904
1950 0.1454074326406468
1951 0.1473236949529768
1952 0.1494750367508561
1953 0.153201527639262
1954 0.1581323676934029
1955 0.1628886684581835
1956 0.1678151761103094
1957 0.1736998963990038
1958 0.1794508627002849
1959 0.1845900924509692
1960 0.1895087673941663
1961 0.1917965599436276
1962 0.1935472324582385
1963 0.198324745987822
1964 0.203544359726304
1965 0.2086413598363602
1966 0.2144091668020079
1967 0.2219945667163539
1968 0.2301749505430382
1969 0.2381454892067549
1970 0.2465730377616006
1971 0.2565253186180017
1972 0.2681840747109024
1973 0.2781537367560013
1974 0.2874800031274898
1975 0.2981630636726561
1976 0.3090590670310325
1977 0.3202860622426901
1978 0.3329798789926766
1979 0.3457890356765806
1980 0.3572815079549803
1981 0.3687160880637466
1982 0.3822177497436196
1983 0.394279611197632
1984 0.4049620589391118
1985 0.4165095434459161
1986 0.4286259003809486
1987 0.4412943031481678
1988 0.4545432232895918
1989 0.4670617072906602
1990 0.4791211608425417
1991 0.4939786850252977
1992 0.506388346971577
1993 0.5166738341473766
1994 0.529695630480278
1995 0.5424357921612407
1996 0.552974757578996
1997 0.5659046502816951
1998 0.579284014391006
1999 0.5894051835290509
2000 0.5972607043902289
2001 0.6049971150475225
2002 0.6145246649996077
2003 0.6239264584210942
2004 0.6335839817415299
2005 0.6438741041636293
2006 0.6540322067299584
2007 0.6661855570793334
2008 0.6790823860813885
2009 0.6916695834454749
2010 0.7059660472882169
2011 0.7193786150753374
2012 0.7314624656385419
2013 0.7431022091964316
2014 0.7550955350732897
2015 0.7709549329079332
2016 0.7873822649783574
2017 0.8013513097599608
2018 0.8141139286146305
2019 0.8263003844677468
2020 0.8382056566014218
2021 0.8494499701387895
2022 0.8599567496858787
2023 0.8700845601010337
2024 0.8800044546911415
2025 0.8897999268098973
2026 0.8995137232695313
2027 0.9091694328283676
2028 0.9187814673960548
2029 0.9283596974547093
2030 0.9379116209323222
2031 0.9476842898801916
2032 0.9576952316041586
2033 0.9677238585761332
2034 0.9776689728886524
2035 0.9874937613224468
2036 0.9971896329633632
2037 1.0067598588935358
2038 1.016212285691013
2039 1.0255561517726597
2040 1.0348007420360437
2041 1.0439645607771595
2042 1.0530486590700152
2043 1.0620351349628836
2044 1.0709151025178278
2045 1.0796899915270042
2046 1.0883650767361128
2047 1.0969467072053
2048 1.1054411957354089
2049 1.1138544212789852
2050 1.1221917257310756
2051 1.130376064636191
2052 1.1383878971865813
2053 1.1462669009359456
2054 1.1540235938025856
2055 1.1616662149747583
2056 1.1692016361913764
2057 1.176635621257438
2058 1.1839730047181731
2059 1.191217858818907
2060 1.1983736432923
2061 1.2053595870085834
2062 1.2121648380518288
2063 1.2188477771803787
2064 1.2254299464859844
2065 1.2319214781137309
2066 1.238326744884633
2067 1.244647237091999
2068 1.2508830241007705
2069 1.257033496769352
2070 1.2630977470689126
2071 1.2691157124491486
2072 1.2750810869720608
2073 1.2809297274150988
2074 1.28661974380703
2075 1.292134073731468
2076 1.297466916919919
2077 1.3026172905012556
2078 1.3075860949991738
2079 1.3123748301001872
2080 1.316985064795435
2081 1.3214894406718327
2082 1.3259058888085935
2083 1.3301808394832566
2084 1.334286005704587
2085 1.338209860919103
2086 1.3419474027119744
2087 1.345496146881047
2088 1.3488545560122318
2089 1.3520214281788274
2090 1.3549956678520585
2091 1.3578657043951714
2092 1.3606665194741163
2093 1.363372463232106
2094 1.3659828190735306
2095 1.3684942034623302
2096 1.3709024620224284
2097 1.3732035387442756
2098 1.375393795548544
2099 1.3774700858548867
2100 1.3794297277458631
2101 1.381383272360289
2102 1.3833829492509249
2103 1.3854095500401895
2104 1.3874686297385237
2105 1.3895572984148932
2106 1.391670826750988
2107 1.3938046984367056
2108 1.3959551202534464
2109 1.3981190498494698
2110 1.4002940906458117
2111 1.4002940906458117
2112 1.4002940906458117
