1750 -0.0557686552919045
1751 -0.0564924933889393
1752 -0.0575635306040169
1753 -0.058176887620485
1754 -0.0583731494052762
1755 -0.0582562802263304
1756 -0.0581930748181642
1757 -0.0578140801760328
1758 -0.0573637356324214
1759 -0.0572431593158823
1760 -0.0572549400399526
1761 -0.0571148383933724
1762 -0.0570614385161647
1763 -0.0570121177483282
1764 -0.0568186504989021
1765 -0.0565071387089248
1766 -0.0561207498213368
1767 -0.0557729143462203
1768 -0.0552329919149026
1769 -0.0548816078981439
1770 -0.0547506636119205
1771 -0.0546750745886584
1772 -0.0546058846596053
1773 -0.054457751627094
1774 -0.0541225110637494
1775 -0.0536732002378559
1776 -0.0535014020803303
1777 -0.0531622390798218
1778 -0.0525712254406355
1779 -0.0523384327533876
1780 -0.052266587910384
1781 -0.0520189758283169
1782 -0.0519098963036328
1783 -0.0519250361736644
1784 -0.0517766932538019
1785 -0.0515752708350566
1786 -0.0513680996415279
1787 -0.0510668122783656
1788 -0.0505026006269632
1789 -0.0501385336390215
1790 -0.0499744504413389
1791 -0.0498922545516547
1792 -0.049850628171247
1793 -0.0498011974176686
1794 -0.0495536571087809
1795 -0.0491464674777124
1796 -0.049069258220871
1797 -0.0487869435340542
1798 -0.0481676490894416
1799 -0.0478321892359554
1800 -0.0476869985306627
1801 -0.0473896388141047
1802 -0.0471717923129144
1803 -0.0470822120504681
1804 -0.0467312822212035
1805 -0.0462860843527042
1806 -0.0458234685207167
1807 -0.0452839027618337
1808 -0.0444987959213166
1809 -0.0439073058558844
1810 -0.0435225329192977
1811 -0.0431305827106492
1812 -0.0428328404579638
1813 -0.0425483955543034
1814 -0.0420516674167035
1815 -0.0414169334616565
1816 -0.0410358709015962
1817 -0.0405539792615112
1818 -0.0397554314972761
1819 -0.0392061775905805
1820 -0.038887488386544
1821 -0.0384088609757618
1822 -0.0380842099183552
1823 -0.0379230224062332
1824 -0.0374423917221628
1825 -0.0368913723037902
1826 -0.0364268170595561
1827 -0.0358774557239865
1828 -0.0350670126246178
1829 -0.0344514349153126
1830 -0.0340487442457124
1831 -0.0337399817491718
1832 -0.033502778509429
1833 -0.0332675633835411
1834 -0.0328754009017002
1835 -0.0323694948363429
1836 -0.032075995167568
1837 -0.0316979708075356
1838 -0.0310820989517558
1839 -0.0306978163645784
1840 -0.0306103912992721
1841 -0.0302280847792835
1842 -0.0299020167119362
1843 -0.0298118281734328
1844 -0.0292892067584792
1845 -0.0285030224882591
1846 -0.0277096381856391
1847 -0.0267963378170601
1848 -0.0257860910764953
1849 -0.0250415502272113
1850 -0.0245181225172052
1851 -0.0241426829492749
1852 -0.0238666575431994
1853 -0.0234063219823413
1854 -0.0225602466893833
1855 -0.021578828890581
1856 -0.0208813738188397
1857 -0.0199332267260521
1858 -0.0186647587830403
1859 -0.0176626460998848
1860 -0.0169318700152969
1861 -0.0160071056896745
1862 -0.0150492025884827
1863 -0.0142241352288016
1864 -0.0131077200336715
1865 -0.0117241770119056
1866 -0.0103866397619254
1867 -0.0089926744541631
1868 -0.0073779928780169
1869 -0.0060692311754327
1870 -0.0049405870199061
1871 -0.0039556531960216
1872 -0.0033772558121893
1873 -0.0026639688762867
1874 -0.0015401968838215
1875 -0.0005029221510548
1876 0.0003178014404213
1877 0.0013580666895806
1878 0.0026584918852813
1879 0.0038284931546224
1880 0.004635814671004
1881 0.0056200188211484
1882 0.0066184100536661
1883 0.0073331666564633
1884 0.008416846842455
1885 0.0097592923123917
1886 0.0111268587866604
1887 0.0125947978527954
1888 0.0140525796436794
1889 0.0154337365977147
1890 0.0167383841338737
1891 0.0178150101304335
1892 0.0188041202577553
1893 0.0200562392124606
1894 0.0216606804480198
1895 0.0232041631523321
1896 0.02412695406446
1897 0.0251856963447537
1898 0.0265393939893795
1899 0.0276364608594084
1900 0.0285447207756927
1901 0.0296334079071024
1902 0.0309114662181285
1903 0.0320117265630991
1904 0.0335753947780688
1905 0.0356192954966429
1906 0.0375803877960555
1907 0.03951324966645
1908 0.0420014187227019
1909 0.0445424764960957
1910 0.0468643729630368
1911 0.0491556301402788
1912 0.0510209672494006
1913 0.0525967199685667
1914 0.0549148449917967
1915 0.0574647008894496
1916 0.0592242013555449
1917 0.0609822586116767
1918 0.0633505373590667
1919 0.0668729617936666
1920 0.0702580174262642
1921 0.073778929986656
1922 0.0771035206202622
1923 0.0795213438206081
1924 0.0813473427969182
1925 0.0830448545575476
1926 0.0845528500956377
1927 0.0860435016297833
1928 0.0879178689666395
1929 0.0898331624144261
1930 0.0927313599873808
1931 0.0963964478948033
1932 0.1007815827174764
1933 0.1043967567774849
1934 0.1067598702352208
1935 0.1084694440675782
1936 0.1101596785763864
1937 0.1116380543541051
1938 0.1135282326937134
1939 0.1161005098443047
1940 0.1177859567103059
1941 0.1189467437451815
1942 0.1206353587602379
1943 0.122968123629345
1944 0.1260479134659039
1945 0.1303332954444027
1946 0.1347514152020418
1947 0.1373736713708993
1948 0.1396003543676973
1949 0.1425364170478904
1950 0.1454074326406468
1951 0.1473236949529768
1952 0.1494750367508561
1953 0.153201527639262
1954 0.1581323676934029
1955 0.1628886684581835
1956 0.1678151761103094
1957 0.1736998963990038
1958 0.1794508627002849
1959 0.1845900924509692
1960 0.1895087673941663
1961 0.1917965599436276
1962 0.1935472324582385
1963 0.198324745987822
1964 0.203544359726304
1965 0.2086413598363602
1966 0.2144091668020079
1967 0.2219945667163539
1968 0.2301749505430382
1969 0.2381454892067549
1970 0.2465730377616006
1971 0.2565253186180017
1972 0.2681840747109024
1973 0.2781537367560013
1974 0.2874800031274898
1975 0.2981630636726561
1976 0.3090590670310325
1977 0.3202860622426901
1978 0.3329798789926766
1979 0.3457890356765806
1980 0.3572815079549803
1981 0.3687160880637466
1982 0.3822177497436196
1983 0.394279611197632
1984 0.4049620589391118
1985 0.4165095434459161
1986 0.4286259003809486
1987 0.4412943031481678
1988 0.4545432232895918
1989 0.4670617072906602
1990 0.4791211608425417
1991 0.4939786850252977
1992 0.506388346971577
1993 0.5166738341473766
1994 0.529695630480278
1995 0.5424357921612407
1996 0.552974757578996
1997 0.5659046502816951
1998 0.579284014391006
1999 0.5894051835290509
2000 0.5972607043902289
2001 0.6049971150475225
2002 0.6145246649996077
2003 0.6239264584210942
2004 0.6335839817415299
2005 0.6438741041636293
2006 0.6540322067299584
2007 0.6661855570793334
2008 0.6790823860813885
2009 0.6916695834454749
2010 0.7059660472882169
2011 0.7193786150753374
2012 0.7314624656385419
2013 0.7431022091964316
2014 0.7550955350732897
2015 0.7709549329077571
2016 0.7863761108557497
2017 0.7979405885001101
2018 0.8073992988867824
2019 0.8156398171934045
2020 0.8230985407013443
2021 0.8299835988967349
2022 0.8364073092677516
2023 0.8423913561571287
2024 0.8479183028392497
2025 0.852995465851216
2026 0.8576420774203458
2027 0.8618813500310084
2028 0.8657366625495736
2029 0.8692300137627864
2030 0.8723815448498456
2031 0.8760134587260006
2032 0.8803271627684676
2033 0.8847761173897848
2034 0.8891052463714195
2035 0.8932059675237133
2036 0.8970344594901974
2037 0.9005753362254515
2038 0.9038255097108352
2039 0.9067870378292536
2040 0.9094639764283832
2041 0.911743241447259
2042 0.913640579694008
2043 0.915290518214759
2044 0.91675912772504
2045 0.918076837201084
2046 0.919256079501512
2047 0.9203005838830076
2048 0.9212100375188078
2049 0.9219823563123036
2050 0.9226147676004722
2051 0.9232774431306676
2052 0.9240359537508828
2053 0.9248095251146232
2054 0.9255604451120852
2055 0.9262663585608792
2056 0.926912496624214
2057 0.9274880982782988
2058 0.9279846927240436
2059 0.9283952392212148
2060 0.9287136733413952
2061 0.9288835289018949
2062 0.928886853178062
2063 0.9287601245334952
2064 0.9285239324772268
2065 0.9281854291041866
2066 0.927745989460014
2067 0.9272046667664108
2068 0.9265596962969336
2069 0.9258091218344628
2070 0.924951036754882
2071 0.9238897991348411
2072 0.9225875007426054
2073 0.9210805756933088
2074 0.9193808931674848
2075 0.9174957807646557
2076 0.9154298835901672
2077 0.9131861897498684
2078 0.9107666290307213
2079 0.908172432577382
2080 0.9054043555073168
2081 0.9025561094428076
2082 0.8996962303835768
2083 0.8968298876824303
2084 0.8939630124727407
2085 0.8910911298022605
2086 0.8882061275999301
2087 0.8852991355900705
2088 0.8823616482232454
2089 0.8793858944342107
2090 0.876364899372574
2091 0.8733439969648208
2092 0.87035880343334
2093 0.8674302218666964
2094 0.8645811110529046
2095 0.8618144055284813
2096 0.8591254851901436
2097 0.856507490837638
2098 0.8539534417120457
2099 0.8514569748544337
2100 0.8490125171786277
2101 0.846660366701771
2102 0.8444254203598817
2103 0.8422947412076891
2104 0.8402564029513224
2105 0.8382995648381454
2106 0.8364156347833916
2107 0.8345978629161352
2108 0.8328407987127536
2109 0.8311398905417046
2110 0.8294912262333863
2111 0.8294912262333863
2112 0.8294912262333863
