1750 270.27021600592496
1751 270.2816476720414
1752 270.30510670050893
1753 270.3290145357133
1754 270.3525174244012
1755 270.37552926636994
1756 270.3981244760128
1757 270.4204361017708
1758 270.4425477777302
1759 270.4644994149331
1760 270.4863635877542
1761 270.508199016586
1762 270.53010748148614
1763 270.5521240628016
1764 270.5742313889557
1765 270.5964707441385
1766 270.61887269920817
1767 270.64153007464347
1768 270.6644531966724
1769 270.6875872064469
1770 270.7109581935586
1771 270.73458734809986
1772 270.7585665144556
1773 270.782899401974
1774 270.8075218210835
1775 270.83245288088574
1776 270.8577048912732
1777 270.88336998042337
1778 270.90944756373847
1779 270.935864430313
1780 270.962641840296
1781 270.9897943717053
1782 271.0174309195936
1783 271.0455462005631
1784 271.0740484544374
1785 271.10296384840643
1786 271.13230696145456
1787 271.1622114699509
1788 271.1926652439641
1789 271.2235431463373
1790 271.2548714786817
1791 271.28667005760525
1792 271.31907827117465
1793 271.3521246553432
1794 271.3856852051304
1795 271.4197427937442
1796 271.4543151189636
1797 271.48948396662115
1798 271.5253167757957
1799 271.5618038290525
1800 271.5989617763332
1801 271.6368398428641
1802 271.675354093003
1803 271.7148932671748
1804 271.75515106766875
1805 271.7958615384491
1806 271.83732140308166
1807 271.8794473430024
1808 271.92243933848283
1809 271.966057002602
1810 272.0102076388929
1811 272.0552039648842
1812 272.1011518605135
1813 272.1479931980286
1814 272.1956313822162
1815 272.2440643804872
1816 272.2933776894024
1817 272.3437883658086
1818 272.39531500180965
1819 272.44770819120225
1820 272.50091013243
1821 272.5549917791404
1822 272.6100083178257
1823 272.6660494392218
1824 272.72326105535967
1825 272.7816157286753
1826 272.84108563384825
1827 272.90162555658605
1828 272.963371017935
1829 273.026323844416
1830 273.0902080262166
1831 273.1563071264573
1832 273.224224663426
1833 273.2927062692808
1834 273.3623322823144
1835 273.43320512634494
1836 273.50533711801546
1837 273.57944760787194
1838 273.655332226402
1839 273.7323991387818
1840 273.8109526348536
1841 273.8912516622346
1842 273.9732832023717
1843 274.0570152037611
1844 274.1424282492399
1845 274.2296339938157
1846 274.3192666258769
1847 274.4108262121258
1848 274.5042239640467
1849 274.5993505379592
1850 274.6959526368668
1851 274.79470835216813
1852 274.8918578029492
1853 274.9973182666831
1854 275.1112338910707
1855 275.2227353179806
1856 275.33267643068393
1857 275.4421266731587
1858 275.55291289106384
1859 275.66388159854097
1860 275.7764613673594
1861 275.891833223998
1862 276.01038967241215
1863 276.1176512167221
1864 276.2140769643644
1865 276.3143083545536
1866 276.4169008157557
1867 276.5205749651862
1868 276.6251341466788
1869 276.73006740097617
1870 276.835366890536
1871 276.9412061291056
1872 277.0521197669352
1873 277.1870100332481
1874 277.34038330699696
1875 277.4902613493832
1876 277.6392975390324
1877 277.79083549361553
1878 277.94284638761496
1879 278.0951473038304
1880 278.2497728935388
1881 278.4114834342856
1882 278.58425035491763
1883 278.75297329161646
1884 278.91500665584704
1885 279.0802476511644
1886 279.24519336746977
1887 279.4100441483903
1888 279.57592968021675
1889 279.74735875945385
1890 279.9209564120655
1891 280.095844242207
1892 280.2746540079929
1893 280.45593126074897
1894 280.6364781144677
1895 280.8192820609303
1896 281.0102368700108
1897 281.20526616088046
1898 281.40337054827285
1899 281.6065673785583
1900 281.8184640913134
1901 282.03881573958034
1902 282.27574350657824
1903 282.5257284861877
1904 282.78696100454954
1905 283.06268060856667
1906 283.3495232694487
1907 283.65303689125307
1908 283.97768725367894
1909 284.3061870598532
1910 284.6285330007238
1911 284.95897709571807
1912 285.2811511332309
1913 285.5893452520759
1914 285.9027933174567
1915 286.20115045541064
1916 286.47506008188986
1917 286.7593959968331
1918 287.0617048555214
1919 287.3643931976284
1920 287.6408266130184
1921 287.9228520369958
1922 288.2163935527992
1923 288.50247676036383
1924 288.82100553305725
1925 289.16113860862805
1926 289.49928516401167
1927 289.83304104594725
1928 290.1896575453729
1929 290.5688482845068
1930 290.9619056236154
1931 291.36585358050104
1932 291.73941937761515
1933 292.0525048627317
1934 292.34189886151
1935 292.6594557127609
1936 292.9989432583243
1937 293.3657243507248
1938 293.75873876357883
1939 294.13990039580665
1940 294.5163985309607
1941 294.921695025372
1942 295.338369584425
1943 295.7530870071381
1944 296.1743594267857
1945 296.59542462231343
1946 296.96631527664925
1947 297.3386724384089
1948 297.79162018468975
1949 298.2909030231668
1950 298.7909601224297
1951 299.31600454884216
1952 299.9392425925872
1953 300.6208603744892
1954 301.2985376137536
1955 301.98874048960715
1956 302.7306829630459
1957 303.5419683847981
1958 304.39483673929965
1959 305.27342087528086
1960 306.17115910642883
1961 307.0859990688164
1962 308.02177539590645
1963 308.9772720291053
1964 309.97023538366
1965 311.0077496444017
1966 312.08900659686543
1967 313.2157599224302
1968 314.3844417783009
1969 315.59433519739684
1970 316.8573841916429
1971 318.1913096920289
1972 319.5573906418188
1973 320.9299750391969
1974 322.3574221952481
1975 323.79971564217243
1976 325.20315963558886
1977 326.6505250799254
1978 328.182210491369
1979 329.7646536793642
1980 331.37572330358336
1981 332.9630606275227
1982 334.4906450409563
1983 335.97547730729013
1984 337.4844880471836
1985 339.06195322518226
1986 340.681857929191
1987 342.3357010468244
1988 344.03293693744143
1989 345.7842866429172
1990 347.5772563385045
1991 349.34555084705266
1992 351.1181505340954
1993 352.9219045418165
1994 354.6940099315983
1995 356.4409787359876
1996 358.21205763735634
1997 360.0309320044968
1998 362.03907084954267
1999 364.0509135746505
2000 365.8639377135945
2001 367.6755736507908
2002 369.4832193161748
2003 371.3116270178824
2004 373.23054567943575
2005 375.2928621344272
2006 377.51319863042295
2007 379.8385748150481
2008 382.2507328379032
2009 384.6204180163584
2010 386.9019068888785
2011 389.28107332345394
2012 391.8345981648262
2013 394.4752026373101
2014 397.1815130281293
2015 399.9657652910613
2016 402.7481651835385
2017 405.4733304050537
2018 408.1720486318415
2019 410.8487762032274
2020 413.5067098041472
2021 416.1481986407608
2022 418.6314054277101
2023 420.8246098744604
2024 422.7467627456053
2025 424.4112614071738
2026 425.82769182671393
2027 427.0030358899255
2028 427.9424941637964
2029 428.6500437065173
2030 429.1288132006206
2031 429.3813391377308
2032 429.5081619254033
2033 429.6029148803238
2034 429.65566127638607
2035 429.6591753122984
2036 429.6081601412386
2037 429.498699662287
2038 429.3278787887101
2039 429.0935172720676
2040 428.79397887882254
2041 428.4280329870814
2042 428.02188924360814
2043 427.6004031867849
2044 427.1602194332197
2045 426.6987060567212
2046 426.2137852988651
2047 425.7038055938479
2048 425.1674456591435
2049 424.6036423950658
2050 424.0115358970677
2051 423.39042689139376
2052 422.7563875629013
2053 422.1246666210269
2054 421.4932037020868
2055 420.8603227308113
2056 420.2246509615842
2057 419.5850559793549
2058 418.94059697519015
2059 418.2904867680864
2060 417.63406191964
2061 416.9707592031228
2062 416.30389259761023
2063 415.6366411252601
2064 414.9682770770204
2065 414.2981825208956
2066 413.6258290261276
2067 412.9507613969372
2068 412.2725846696119
2069 411.590953685709
2070 410.90556470628815
2071 410.2161486676633
2072 409.52465209806286
2073 408.83293289368817
2074 408.14058918360354
2075 407.4472715031819
2076 406.7526739874294
2077 406.05652717594273
2078 405.3585921716649
2079 404.6586558774383
2080 403.95652708310377
2081 403.2520332529549
2082 402.549675268025
2083 401.853724183442
2084 401.1636014874348
2085 400.478810928641
2086 399.7989242276062
2087 399.123569414525
2088 398.45242128241466
2089 397.7851935336733
2090 397.1216323440097
2091 396.461511106298
2092 395.8063066387223
2093 395.1574257817292
2094 394.5145360146345
2095 393.8773444564331
2096 393.2455913205951
2097 392.6190445308683
2098 391.99749528680815
2099 391.3807544071175
2100 390.76864931515775
2101 390.1610215561341
2102 389.5586167952498
2103 388.96214373205953
2104 388.3713878049834
2105 387.786155368092
2106 387.206270516626
2107 386.63157244033886
2108 386.06191321072
2109 385.4971559299461
2110 384.9371731819156
2111 384.9371731819156
2112 384.9371731819156
