1750 270.27021600592496
1751 270.2816476720414
1752 270.30510670050893
1753 270.3290145357133
1754 270.3525174244012
1755 270.37552926636994
1756 270.3981244760128
1757 270.4204361017708
1758 270.4425477777302
1759 270.4644994149331
1760 270.4863635877542
1761 270.508199016586
1762 270.53010748148614
1763 270.5521240628016
1764 270.5742313889557
1765 270.5964707441385
1766 270.61887269920817
1767 270.64153007464347
1768 270.6644531966724
1769 270.6875872064469
1770 270.7109581935586
1771 270.73458734809986
1772 270.7585665144556
1773 270.782899401974
1774 270.8075218210835
1775 270.83245288088574
1776 270.8577048912732
1777 270.88336998042337
1778 270.90944756373847
1779 270.935864430313
1780 270.962641840296
1781 270.9897943717053
1782 271.0174309195936
1783 271.0455462005631
1784 271.0740484544374
1785 271.10296384840643
1786 271.13230696145456
1787 271.1622114699509
1788 271.1926652439641
1789 271.2235431463373
1790 271.2548714786817
1791 271.28667005760525
1792 271.31907827117465
1793 271.3521246553432
1794 271.3856852051304
1795 271.4197427937442
1796 271.4543151189636
1797 271.48948396662115
1798 271.5253167757957
1799 271.5618038290525
1800 271.5989617763332
1801 271.6368398428641
1802 271.675354093003
1803 271.7148932671748
1804 271.75515106766875
1805 271.7958615384491
1806 271.83732140308166
1807 271.8794473430024
1808 271.92243933848283
1809 271.966057002602
1810 272.0102076388929
1811 272.0552039648842
1812 272.1011518605135
1813 272.1479931980286
1814 272.1956313822162
1815 272.2440643804872
1816 272.2933776894024
1817 272.3437883658086
1818 272.39531500180965
1819 272.44770819120225
1820 272.50091013243
1821 272.5549917791404
1822 272.6100083178257
1823 272.6660494392218
1824 272.72326105535967
1825 272.7816157286753
1826 272.84108563384825
1827 272.90162555658605
1828 272.963371017935
1829 273.026323844416
1830 273.0902080262166
1831 273.1563071264573
1832 273.224224663426
1833 273.2927062692808
1834 273.3623322823144
1835 273.43320512634494
1836 273.50533711801546
1837 273.57944760787194
1838 273.655332226402
1839 273.7323991387818
1840 273.8109526348536
1841 273.8912516622346
1842 273.9732832023717
1843 274.0570152037611
1844 274.1424282492399
1845 274.2296339938157
1846 274.3192666258769
1847 274.4108262121258
1848 274.5042239640467
1849 274.5993505379592
1850 274.6959526368668
1851 274.79470835216813
1852 274.8918578029492
1853 274.9973182666831
1854 275.1112338910707
1855 275.2227353179806
1856 275.33267643068393
1857 275.4421266731587
1858 275.55291289106384
1859 275.66388159854097
1860 275.7764613673594
1861 275.891833223998
1862 276.01038967241215
1863 276.1176512167221
1864 276.2140769643644
1865 276.3143083545536
1866 276.4169008157557
1867 276.5205749651862
1868 276.6251341466788
1869 276.73006740097617
1870 276.835366890536
1871 276.9412061291056
1872 277.0521197669352
1873 277.1870100332481
1874 277.34038330699696
1875 277.4902613493832
1876 277.6392975390324
1877 277.79083549361553
1878 277.94284638761496
1879 278.0951473038304
1880 278.2497728935388
1881 278.4114834342856
1882 278.58425035491763
1883 278.75297329161646
1884 278.91500665584704
1885 279.0802476511644
1886 279.24519336746977
1887 279.4100441483903
1888 279.57592968021675
1889 279.74735875945385
1890 279.9209564120655
1891 280.095844242207
1892 280.2746540079929
1893 280.45593126074897
1894 280.6364781144677
1895 280.8192820609303
1896 281.0102368700108
1897 281.20526616088046
1898 281.40337054827285
1899 281.6065673785583
1900 281.8184640913134
1901 282.03881573958034
1902 282.27574350657824
1903 282.5257284861877
1904 282.78696100454954
1905 283.06268060856667
1906 283.3495232694487
1907 283.65303689125307
1908 283.97768725367894
1909 284.3061870598532
1910 284.6285330007238
1911 284.95897709571807
1912 285.2811511332309
1913 285.5893452520759
1914 285.9027933174567
1915 286.20115045541064
1916 286.47506008188986
1917 286.7593959968331
1918 287.0617048555214
1919 287.3643931976284
1920 287.6408266130184
1921 287.9228520369958
1922 288.2163935527992
1923 288.50247676036383
1924 288.82100553305725
1925 289.16113860862805
1926 289.49928516401167
1927 289.83304104594725
1928 290.1896575453729
1929 290.5688482845068
1930 290.9619056236154
1931 291.36585358050104
1932 291.73941937761515
1933 292.0525048627317
1934 292.34189886151
1935 292.6594557127609
1936 292.9989432583243
1937 293.3657243507248
1938 293.75873876357883
1939 294.13990039580665
1940 294.5163985309607
1941 294.921695025372
1942 295.338369584425
1943 295.7530870071381
1944 296.1743594267857
1945 296.59542462231343
1946 296.96631527664925
1947 297.3386724384089
1948 297.79162018468975
1949 298.2909030231668
1950 298.7909601224297
1951 299.31600454884216
1952 299.9392425925872
1953 300.6208603744892
1954 301.2985376137536
1955 301.98874048960715
1956 302.7306829630459
1957 303.5419683847981
1958 304.39483673929965
1959 305.27342087528086
1960 306.17115910642883
1961 307.0859990688164
1962 308.02177539590645
1963 308.9772720291053
1964 309.97023538366
1965 311.0077496444017
1966 312.08900659686543
1967 313.2157599224302
1968 314.3844417783009
1969 315.59433519739684
1970 316.8573841916429
1971 318.1913096920289
1972 319.5573906418188
1973 320.9299750391969
1974 322.3574221952481
1975 323.79971564217243
1976 325.20315963558886
1977 326.6505250799254
1978 328.182210491369
1979 329.7646536793642
1980 331.37572330358336
1981 332.9630606275227
1982 334.4906450409563
1983 335.97547730729013
1984 337.4844880471836
1985 339.06195322518226
1986 340.681857929191
1987 342.3357010468244
1988 344.03293693744143
1989 345.7842866429172
1990 347.5772563385045
1991 349.34555084705266
1992 351.1181505340954
1993 352.9219045418165
1994 354.6940099315983
1995 356.4409787359876
1996 358.21205763735634
1997 360.0309320044968
1998 362.03907084954267
1999 364.0509135746505
2000 365.8639377135945
2001 367.6755736507908
2002 369.4832193161748
2003 371.3116270178824
2004 373.23054567943575
2005 375.2928621344272
2006 377.51319863042295
2007 379.8385748150481
2008 382.2507328379032
2009 384.6204180163584
2010 386.9019068888785
2011 389.28107332345394
2012 391.8345981648262
2013 394.4752026373101
2014 397.1815130281293
2015 399.9657652910613
2016 402.7481651835385
2017 405.4920237805069
2018 408.2454970771674
2019 411.0108025658003
2020 413.7895892325418
2021 416.5831303059503
2022 419.3168855610288
2023 421.9215170750831
2024 424.4068763325774
2025 426.7799788152818
2026 429.04587484815534
2027 431.2082511975886
2028 433.26984030626136
2029 435.2326997760328
2030 437.0984044034824
2031 438.8681792048688
2032 440.55942280588187
2033 442.1882709300734
2034 443.7535004312938
2035 445.2542709448754
2036 446.6900084896024
2037 448.0603230370031
2038 449.364951525263
2039 450.6037184329407
2040 451.77650848652
2041 452.88324780010817
2042 453.90668338188215
2043 454.8304599748767
2044 455.6561440876855
2045 456.384997374346
2046 457.0180457941358
2047 457.55613277872953
2048 457.9999600034183
2049 458.350119051884
2050 458.60711621737937
2051 458.77139205766457
2052 458.8454396182161
2053 458.8316167297322
2054 458.7300719258324
2055 458.5409668211465
2056 458.2644747212576
2057 457.90077986101926
2058 457.4500772498442
2059 456.9125729315266
2060 456.28848451083206
2061 455.57804184760175
2062 454.81060279384224
2063 454.0142042655601
2064 453.18665680853616
2065 452.3261641367246
2066 451.4312514859756
2067 450.5007075110774
2068 449.5335378651152
2069 448.52892792049136
2070 447.486212688622
2071 446.4048524417816
2072 445.2940295775129
2073 444.16259214230274
2074 443.0094841140571
2075 441.8338245467484
2076 440.6348793887408
2077 439.412038242562
2078 438.1647952941293
2079 436.89273359853536
2080 435.5955120825941
2081 434.27285475943
2082 432.9287957094606
2083 431.56723587074816
2084 430.1877074672825
2085 428.7898249567162
2086 427.37327303670287
2087 425.9377967275374
2088 424.483193146364
2089 423.0093046490407
2090 421.5160130869002
2091 420.00323498001256
2092 418.4877548092901
2093 416.9856459682193
2094 415.4955193557982
2095 414.016171984327
2096 412.54656037469977
2097 411.085778265529
2098 409.6330377020421
2099 408.1876529137645
2100 406.7490265183563
2101 405.3166376837905
2102 403.8951358101205
2103 402.4890012431317
2104 401.09745902963874
2105 399.719824922476
2106 398.35549388025913
2107 397.00393009193857
2108 395.6646582163859
2109 394.3372556914732
2110 393.0213459889442
2111 393.0213459889442
2112 393.0213459889442
