1750 -0.027320351344117
1751 -0.0277945752761509
1752 -0.0285748318393164
1753 -0.0294263990118806
1754 -0.0309590973840543
1755 -0.0321978444207512
1756 -0.0324435140547493
1757 -0.0330680273619755
1758 -0.0338062962283677
1759 -0.0341809991100441
1760 -0.0350299286044521
1761 -0.0357331024480989
1762 -0.0357183133191992
1763 -0.0354051615267735
1764 -0.0340168923713473
1765 -0.0332289810608409
1766 -0.0330807908814344
1767 -0.032403400111012
1768 -0.032925442520678
1769 -0.0336884240323452
1770 -0.0337315200422737
1771 -0.032982507366144
1772 -0.0313410591620547
1773 -0.0298835753787492
1774 -0.0300178375860438
1775 -0.0305046718621407
1776 -0.029998730897267
1777 -0.029671533237423
1778 -0.0300587996254175
1779 -0.030227905844725
1780 -0.0306347276794414
1781 -0.0310458319873416
1782 -0.0308155771135361
1783 -0.0303350674664951
1784 -0.0290395909726419
1785 -0.028301290914769
1786 -0.0280356452961787
1787 -0.0277318273288598
1788 -0.0287748579711552
1789 -0.0298398717669327
1790 -0.030158260119892
1791 -0.0296659430280064
1792 -0.0282847664985469
1793 -0.0270297399532173
1794 -0.0272592541995211
1795 -0.0278359611019764
1796 -0.0273832363496922
1797 -0.0270573476200345
1798 -0.0273371588761063
1799 -0.0276186591574651
1800 -0.0280303520308161
1801 -0.028186197253381
1802 -0.0279607873107175
1803 -0.0273652649184739
1804 -0.0260707300202954
1805 -0.0254265529383425
1806 -0.0252042775052833
1807 -0.0248923893134908
1808 -0.0256703949861233
1809 -0.0265038182773121
1810 -0.0267018851785539
1811 -0.0262170938093048
1812 -0.0247631874930225
1813 -0.0234122252579915
1814 -0.0235625785436713
1815 -0.024033116707019
1816 -0.0237563597334612
1817 -0.0234258791204867
1818 -0.0235830507050536
1819 -0.0237477698217684
1820 -0.0240405822314185
1821 -0.0243265614215575
1822 -0.0241605747055569
1823 -0.0234485166994301
1824 -0.0221597166851188
1825 -0.0214928123019348
1826 -0.0210746024950297
1827 -0.020581742256148
1828 -0.0213428398023153
1829 -0.0222758220972169
1830 -0.0226455196079913
1831 -0.0222576805225719
1832 -0.0209884088739478
1833 -0.0199879471296377
1834 -0.020318196367575
1835 -0.020792153742792
1836 -0.0207843166539758
1837 -0.0209748255822628
1838 -0.021541259076881
1839 -0.0221046084169695
1840 -0.0224849918666563
1841 -0.0229741914127644
1842 -0.0232156399937122
1843 -0.0225286321901448
1844 -0.0210786688098845
1845 -0.0203165399956779
1846 -0.019776822859033
1847 -0.0193513384571464
1848 -0.0201586188566621
1849 -0.0210048422694725
1850 -0.0214343711625777
1851 -0.0210424099076007
1852 -0.0195045165836605
1853 -0.0181024051511399
1854 -0.0181342655607786
1855 -0.01822484446961
1856 -0.0175019858098655
1857 -0.0170928154496227
1858 -0.0170623110791613
1859 -0.0169651328251539
1860 -0.0167697340222099
1861 -0.0162054032470412
1862 -0.0152283374424998
1863 -0.0136342159127628
1864 -0.0114983548413596
1865 -0.0103192605630363
1866 -0.0093718601925346
1867 -0.0083610924867897
1868 -0.0084084997662721
1869 -0.0081279385244109
1870 -0.0075628959022126
1871 -0.0065541265637524
1872 -0.0043488664750004
1873 -0.0028649310223327
1874 -0.0027184823347951
1875 -0.0018603926285092
1876 -0.0005887051511683
1877 0.0002516007739727
1878 0.001052304764485
1879 0.0013955796935363
1880 0.0016959047516868
1881 0.002518407006312
1882 0.0037714734149421
1883 0.0058485633945429
1884 0.0080071068492135
1885 0.0094038745742596
1886 0.0108853627413236
1887 0.0123064820164505
1888 0.0126939073230701
1889 0.0131622031433499
1890 0.0139302372496016
1891 0.015406971772789
1892 0.0180921639598327
1893 0.0206305293832557
1894 0.0217882460082025
1895 0.0226997831904574
1896 0.024526926670833
1897 0.0260578156134647
1898 0.0272373271783733
1899 0.027882717924868
1900 0.0282426656770356
1901 0.0295372672075592
1902 0.0316193819751939
1903 0.0342068752600982
1904 0.0362628945544004
1905 0.0376288009156218
1906 0.0394079171479387
1907 0.0407031758635479
1908 0.0417084454083603
1909 0.0436312141445223
1910 0.0453764387525521
1911 0.0477935782257512
1912 0.0515497999440518
1913 0.0546689047403561
1914 0.0567506955398979
1915 0.0595501591288873
1916 0.0630319983046302
1917 0.0659581159305552
1918 0.0685683370090822
1919 0.072235605527203
1920 0.0763190228245479
1921 0.0816458224383682
1922 0.0883859074375061
1923 0.0927461926568559
1924 0.0960159640794184
1925 0.100030660748609
1926 0.1039052225884014
1927 0.1069928030366548
1928 0.1095447402819361
1929 0.1115859990335073
1930 0.1130106790669099
1931 0.1169770625743151
1932 0.1231329370314383
1933 0.1286053930902859
1934 0.1320492900829029
1935 0.1341388632075375
1936 0.1353952447623683
1937 0.1363201570075139
1938 0.139210711313259
1939 0.1422409822102933
1940 0.1443800032660168
1941 0.1468702961899203
1942 0.1487544182870725
1943 0.1508677220230964
1944 0.1540247992201853
1945 0.1588743817520301
1946 0.165324863710512
1947 0.1710498059123982
1948 0.1751778267353855
1949 0.1782752475280637
1950 0.1794273901599286
1951 0.1818345865170435
1952 0.185991493750375
1953 0.1892962959232436
1954 0.1931455539047298
1955 0.1977878697249113
1956 0.2014236498003521
1957 0.2035459842627808
1958 0.20826139214157
1959 0.2157373018874366
1960 0.2232100543750969
1961 0.2269372447679289
1962 0.2296992843377165
1963 0.2329681166199982
1964 0.2385719525285078
1965 0.247456567934839
1966 0.2566913371411252
1967 0.2659169067010419
1968 0.2761198928236698
1969 0.2888213772277244
1970 0.3017145891271227
1971 0.314248683190174
1972 0.3248318929463551
1973 0.3360876056376437
1974 0.3501543020075846
1975 0.3655616086967665
1976 0.3799545438302837
1977 0.3933473538952531
1978 0.4077305017389233
1979 0.4224438939736244
1980 0.4373097136371449
1981 0.4533426144040552
1982 0.4668231935003479
1983 0.4821964888309284
1984 0.5006745926132654
1985 0.5172306335838179
1986 0.5335396066739306
1987 0.5487604239055731
1988 0.5638100369829321
1989 0.5809058585535414
1990 0.5977307327258684
1991 0.6065756849497532
1992 0.6197417903760365
1993 0.6401713087541551
1994 0.6532777445060817
1995 0.666913090917776
1996 0.6860217209118259
1997 0.6951364753399986
1998 0.6980118426143772
1999 0.7136687723976199
2000 0.7394318447005382
2001 0.7645942883068967
2002 0.7802195335763387
2003 0.7885670134944931
2004 0.8007159198285566
2005 0.8158187356543786
2006 0.8288802115537248
2007 0.8439881149170961
2008 0.864371219423775
2009 0.8861599559404415
2010 0.904854726817796
2011 0.923710980661888
2012 0.9407710186559964
2013 0.9577125080567448
2014 0.9746544942179202
2015 0.9936300712420112
2016 1.0163905789774932
2017 1.0380995205855983
2018 1.0589373000128524
2019 1.079078298996592
2020 1.09865909518323
2021 1.1189448236616906
2022 1.140590324725671
2023 1.1627814343595784
2024 1.1848604239341214
2025 1.2064120244315113
2026 1.2272090013220889
2027 1.2471758991451596
2028 1.266325420383887
2029 1.2847109423725562
2030 1.3024154140261517
2031 1.3171296670161534
2032 1.3273851548220652
2033 1.33432545840667
2034 1.3388556140455912
2035 1.3416082093128183
2036 1.343019610488973
2037 1.3434093860223493
2038 1.3430129383539395
2039 1.341998744007546
2040 1.340481177510071
2041 1.3383764745553504
2042 1.3356712256449772
2043 1.332541693489695
2044 1.329124191526002
2045 1.3255063474553197
2046 1.321740626128981
2047 1.317860828148555
2048 1.3138919565331544
2049 1.3098499502686949
2050 1.305739844328632
2051 1.3013829674624882
2052 1.2967026579518997
2053 1.2918427142044857
2054 1.2869096383319878
2055 1.2819713978987834
2056 1.277070066539267
2057 1.2722330554034094
2058 1.2674764092714612
2059 1.2628075518935806
2060 1.2582293313287174
2061 1.2537455666223525
2062 1.2493635487148034
2063 1.2450908666794065
2064 1.2409311646292476
2065 1.2368825174560112
2066 1.2329392888386244
2067 1.22909374769088
2068 1.225336872509274
2069 1.221659259403432
2070 1.2180524439619278
2071 1.2145456728340214
2072 1.2111577167224818
2073 1.2078712117884371
2074 1.20467267350458
2075 1.2015496377905155
2076 1.1984908578326003
2077 1.1954875112054242
2078 1.1925321508895228
2079 1.1896181941860662
2080 1.1867398744195747
2081 1.183924076390362
2082 1.1811992270829184
2083 1.1785699454104497
2084 1.1760395962643828
2085 1.1736097526573848
2086 1.1712830040134714
2087 1.169058665070326
2088 1.166929140360718
2089 1.1648841506719991
2090 1.162913889583823
2091 1.1610425439081131
2092 1.1592824192115772
2093 1.157611772153601
2094 1.1560138716093522
2095 1.154475053857456
2096 1.1529850960504957
2097 1.1515379743132923
2098 1.150131814997409
2099 1.1487654416388549
2100 1.147436300203294
2101 1.1460470363248296
2102 1.1445420662639594
2103 1.1429716495266264
2104 1.1413718184657815
2105 1.1397672146085835
2106 1.1381742820660303
2107 1.1366036474351002
2108 1.1350618517355024
2109 1.133552596325988
2110 1.1320776329077402
2111 1.1320776329077402
2112 1.1320776329077402
